DATAFLOW,LAST UPDATE,freq,nrg_bal,siec,unit,geo,TIME_PERIOD,OBS_VALUE,OBS_FLAG
ESTAT:TEN00126(1.0),19/01/22 11:00:00,A,FC_TRA_E,E7000,KTOE,AL,2009,0.000,
ESTAT:TEN00126(1.0),19/01/22 11:00:00,A,FC_TRA_E,E7000,KTOE,AL,2010,0.000,
ESTAT:TEN00126(1.0),19/01/22 11:00:00,A,FC_TRA_E,E7000,KTOE,AL,2011,0.000,
ESTAT:TEN00126(1.0),19/01/22 11:00:00,A,FC_TRA_E,E7000,KTOE,AL,2012,0.000,
ESTAT:TEN00126(1.0),19/01/22 11:00:00,A,FC_TRA_E,E7000,KTOE,AL,2013,0.000,
ESTAT:TEN00126(1.0),19/01/22 11:00:00,A,FC_TRA_E,E7000,KTOE,AL,2014,0.000,
ESTAT:TEN00126(1.0),19/01/22 11:00:00,A,FC_TRA_E,E7000,KTOE,AL,2015,0.000,
ESTAT:TEN00126(1.0),19/01/22 11:00:00,A,FC_TRA_E,E7000,KTOE,AL,2016,0.000,
ESTAT:TEN00126(1.0),19/01/22 11:00:00,A,FC_TRA_E,E7000,KTOE,AL,2017,0.000,
ESTAT:TEN00126(1.0),19/01/22 11:00:00,A,FC_TRA_E,E7000,KTOE,AL,2018,0.000,
ESTAT:TEN00126(1.0),19/01/22 11:00:00,A,FC_TRA_E,E7000,KTOE,AL,2019,0.314,
ESTAT:TEN00126(1.0),19/01/22 11:00:00,A,FC_TRA_E,E7000,KTOE,AL,2020,0.370,
ESTAT:TEN00126(1.0),19/01/22 11:00:00,A,FC_TRA_E,E7000,KTOE,AT,2009,283.325,
ESTAT:TEN00126(1.0),19/01/22 11:00:00,A,FC_TRA_E,E7000,KTOE,AT,2010,276.246,
ESTAT:TEN00126(1.0),19/01/22 11:00:00,A,FC_TRA_E,E7000,KTOE,AT,2011,268.811,
ESTAT:TEN00126(1.0),19/01/22 11:00:00,A,FC_TRA_E,E7000,KTOE,AT,2012,263.491,
ESTAT:TEN00126(1.0),19/01/22 11:00:00,A,FC_TRA_E,E7000,KTOE,AT,2013,267.136,
ESTAT:TEN00126(1.0),19/01/22 11:00:00,A,FC_TRA_E,E7000,KTOE,AT,2014,263.507,
ESTAT:TEN00126(1.0),19/01/22 11:00:00,A,FC_TRA_E,E7000,KTOE,AT,2015,272.007,
ESTAT:TEN00126(1.0),19/01/22 11:00:00,A,FC_TRA_E,E7000,KTOE,AT,2016,275.718,
ESTAT:TEN00126(1.0),19/01/22 11:00:00,A,FC_TRA_E,E7000,KTOE,AT,2017,280.585,
ESTAT:TEN00126(1.0),19/01/22 11:00:00,A,FC_TRA_E,E7000,KTOE,AT,2018,282.096,
ESTAT:TEN00126(1.0),19/01/22 11:00:00,A,FC_TRA_E,E7000,KTOE,AT,2019,281.890,
ESTAT:TEN00126(1.0),19/01/22 11:00:00,A,FC_TRA_E,E7000,KTOE,AT,2020,265.980,
ESTAT:TEN00126(1.0),19/01/22 11:00:00,A,FC_TRA_E,E7000,KTOE,BA,2014,6.879,
ESTAT:TEN00126(1.0),19/01/22 11:00:00,A,FC_TRA_E,E7000,KTOE,BA,2015,7.825,
ESTAT:TEN00126(1.0),19/01/22 11:00:00,A,FC_TRA_E,E7000,KTOE,BA,2016,6.277,
ESTAT:TEN00126(1.0),19/01/22 11:00:00,A,FC_TRA_E,E7000,KTOE,BA,2017,6.535,
ESTAT:TEN00126(1.0),19/01/22 11:00:00,A,FC_TRA_E,E7000,KTOE,BA,2018,5.073,
ESTAT:TEN00126(1.0),19/01/22 11:00:00,A,FC_TRA_E,E7000,KTOE,BA,2019,5.073,
ESTAT:TEN00126(1.0),19/01/22 11:00:00,A,FC_TRA_E,E7000,KTOE,BE,2009,146.096,
ESTAT:TEN00126(1.0),19/01/22 11:00:00,A,FC_TRA_E,E7000,KTOE,BE,2010,150.628,
ESTAT:TEN00126(1.0),19/01/22 11:00:00,A,FC_TRA_E,E7000,KTOE,BE,2011,146.982,
ESTAT:TEN00126(1.0),19/01/22 11:00:00,A,FC_TRA_E,E7000,KTOE,BE,2012,140.980,
ESTAT:TEN00126(1.0),19/01/22 11:00:00,A,FC_TRA_E,E7000,KTOE,BE,2013,148.323,
ESTAT:TEN00126(1.0),19/01/22 11:00:00,A,FC_TRA_E,E7000,KTOE,BE,2014,137.893,
ESTAT:TEN00126(1.0),19/01/22 11:00:00,A,FC_TRA_E,E7000,KTOE,BE,2015,140.000,
ESTAT:TEN00126(1.0),19/01/22 11:00:00,A,FC_TRA_E,E7000,KTOE,BE,2016,142.906,
ESTAT:TEN00126(1.0),19/01/22 11:00:00,A,FC_TRA_E,E7000,KTOE,BE,2017,146.346,
ESTAT:TEN00126(1.0),19/01/22 11:00:00,A,FC_TRA_E,E7000,KTOE,BE,2018,150.069,
ESTAT:TEN00126(1.0),19/01/22 11:00:00,A,FC_TRA_E,E7000,KTOE,BE,2019,148.487,
ESTAT:TEN00126(1.0),19/01/22 11:00:00,A,FC_TRA_E,E7000,KTOE,BE,2020,138.727,
ESTAT:TEN00126(1.0),19/01/22 11:00:00,A,FC_TRA_E,E7000,KTOE,BG,2009,40.155,
ESTAT:TEN00126(1.0),19/01/22 11:00:00,A,FC_TRA_E,E7000,KTOE,BG,2010,34.308,
ESTAT:TEN00126(1.0),19/01/22 11:00:00,A,FC_TRA_E,E7000,KTOE,BG,2011,31.556,
ESTAT:TEN00126(1.0),19/01/22 11:00:00,A,FC_TRA_E,E7000,KTOE,BG,2012,25.967,
ESTAT:TEN00126(1.0),19/01/22 11:00:00,A,FC_TRA_E,E7000,KTOE,BG,2013,23.818,
ESTAT:TEN00126(1.0),19/01/22 11:00:00,A,FC_TRA_E,E7000,KTOE,BG,2014,26.311,
ESTAT:TEN00126(1.0),19/01/22 11:00:00,A,FC_TRA_E,E7000,KTOE,BG,2015,30.267,
ESTAT:TEN00126(1.0),19/01/22 11:00:00,A,FC_TRA_E,E7000,KTOE,BG,2016,30.439,
ESTAT:TEN00126(1.0),19/01/22 11:00:00,A,FC_TRA_E,E7000,KTOE,BG,2017,32.467,
ESTAT:TEN00126(1.0),19/01/22 11:00:00,A,FC_TRA_E,E7000,KTOE,BG,2018,27.827,
ESTAT:TEN00126(1.0),19/01/22 11:00:00,A,FC_TRA_E,E7000,KTOE,BG,2019,30.905,
ESTAT:TEN00126(1.0),19/01/22 11:00:00,A,FC_TRA_E,E7000,KTOE,BG,2020,35.706,
ESTAT:TEN00126(1.0),19/01/22 11:00:00,A,FC_TRA_E,E7000,KTOE,CY,2009,0.000,
ESTAT:TEN00126(1.0),19/01/22 11:00:00,A,FC_TRA_E,E7000,KTOE,CY,2010,0.000,
ESTAT:TEN00126(1.0),19/01/22 11:00:00,A,FC_TRA_E,E7000,KTOE,CY,2011,0.000,
ESTAT:TEN00126(1.0),19/01/22 11:00:00,A,FC_TRA_E,E7000,KTOE,CY,2012,0.000,
ESTAT:TEN00126(1.0),19/01/22 11:00:00,A,FC_TRA_E,E7000,KTOE,CY,2013,0.000,
ESTAT:TEN00126(1.0),19/01/22 11:00:00,A,FC_TRA_E,E7000,KTOE,CY,2014,0.000,
ESTAT:TEN00126(1.0),19/01/22 11:00:00,A,FC_TRA_E,E7000,KTOE,CY,2015,0.000,
ESTAT:TEN00126(1.0),19/01/22 11:00:00,A,FC_TRA_E,E7000,KTOE,CY,2016,0.000,
ESTAT:TEN00126(1.0),19/01/22 11:00:00,A,FC_TRA_E,E7000,KTOE,CY,2017,0.000,
ESTAT:TEN00126(1.0),19/01/22 11:00:00,A,FC_TRA_E,E7000,KTOE,CY,2018,0.000,
ESTAT:TEN00126(1.0),19/01/22 11:00:00,A,FC_TRA_E,E7000,KTOE,CY,2019,0.000,
ESTAT:TEN00126(1.0),19/01/22 11:00:00,A,FC_TRA_E,E7000,KTOE,CY,2020,0.000,
ESTAT:TEN00126(1.0),19/01/22 11:00:00,A,FC_TRA_E,E7000,KTOE,CZ,2009,141.960,
ESTAT:TEN00126(1.0),19/01/22 11:00:00,A,FC_TRA_E,E7000,KTOE,CZ,2010,140.069,
ESTAT:TEN00126(1.0),19/01/22 11:00:00,A,FC_TRA_E,E7000,KTOE,CZ,2011,138.091,
ESTAT:TEN00126(1.0),19/01/22 11:00:00,A,FC_TRA_E,E7000,KTOE,CZ,2012,138.779,
ESTAT:TEN00126(1.0),19/01/22 11:00:00,A,FC_TRA_E,E7000,KTOE,CZ,2013,136.887,
ESTAT:TEN00126(1.0),19/01/22 11:00:00,A,FC_TRA_E,E7000,KTOE,CZ,2014,134.050,
ESTAT:TEN00126(1.0),19/01/22 11:00:00,A,FC_TRA_E,E7000,KTOE,CZ,2015,138.349,
ESTAT:TEN00126(1.0),19/01/22 11:00:00,A,FC_TRA_E,E7000,KTOE,CZ,2016,140.671,
ESTAT:TEN00126(1.0),19/01/22 11:00:00,A,FC_TRA_E,E7000,KTOE,CZ,2017,145.964,
ESTAT:TEN00126(1.0),19/01/22 11:00:00,A,FC_TRA_E,E7000,KTOE,CZ,2018,150.763,
ESTAT:TEN00126(1.0),19/01/22 11:00:00,A,FC_TRA_E,E7000,KTOE,CZ,2019,151.958,
ESTAT:TEN00126(1.0),19/01/22 11:00:00,A,FC_TRA_E,E7000,KTOE,CZ,2020,141.367,
ESTAT:TEN00126(1.0),19/01/22 11:00:00,A,FC_TRA_E,E7000,KTOE,DE,2009,997.248,
ESTAT:TEN00126(1.0),19/01/22 11:00:00,A,FC_TRA_E,E7000,KTOE,DE,2010,1038.693,
ESTAT:TEN00126(1.0),19/01/22 11:00:00,A,FC_TRA_E,E7000,KTOE,DE,2011,1041.015,
ESTAT:TEN00126(1.0),19/01/22 11:00:00,A,FC_TRA_E,E7000,KTOE,DE,2012,1033.964,
ESTAT:TEN00126(1.0),19/01/22 11:00:00,A,FC_TRA_E,E7000,KTOE,DE,2013,1025.365,
ESTAT:TEN00126(1.0),19/01/22 11:00:00,A,FC_TRA_E,E7000,KTOE,DE,2014,990.800,
ESTAT:TEN00126(1.0),19/01/22 11:00:00,A,FC_TRA_E,E7000,KTOE,DE,2015,958.555,
ESTAT:TEN00126(1.0),19/01/22 11:00:00,A,FC_TRA_E,E7000,KTOE,DE,2016,1009.286,
ESTAT:TEN00126(1.0),19/01/22 11:00:00,A,FC_TRA_E,E7000,KTOE,DE,2017,1028.117,
ESTAT:TEN00126(1.0),19/01/22 11:00:00,A,FC_TRA_E,E7000,KTOE,DE,2018,1039.295,
ESTAT:TEN00126(1.0),19/01/22 11:00:00,A,FC_TRA_E,E7000,KTOE,DE,2019,997.850,
ESTAT:TEN00126(1.0),19/01/22 11:00:00,A,FC_TRA_E,E7000,KTOE,DE,2020,957.610,
ESTAT:TEN00126(1.0),19/01/22 11:00:00,A,FC_TRA_E,E7000,KTOE,DK,2009,33.964,
ESTAT:TEN00126(1.0),19/01/22 11:00:00,A,FC_TRA_E,E7000,KTOE,DK,2010,34.738,
ESTAT:TEN00126(1.0),19/01/22 11:00:00,A,FC_TRA_E,E7000,KTOE,DK,2011,34.136,
ESTAT:TEN00126(1.0),19/01/22 11:00:00,A,FC_TRA_E,E7000,KTOE,DK,2012,33.104,
ESTAT:TEN00126(1.0),19/01/22 11:00:00,A,FC_TRA_E,E7000,KTOE,DK,2013,33.190,
ESTAT:TEN00126(1.0),19/01/22 11:00:00,A,FC_TRA_E,E7000,KTOE,DK,2014,33.104,
ESTAT:TEN00126(1.0),19/01/22 11:00:00,A,FC_TRA_E,E7000,KTOE,DK,2015,34.136,
ESTAT:TEN00126(1.0),19/01/22 11:00:00,A,FC_TRA_E,E7000,KTOE,DK,2016,38.458,
ESTAT:TEN00126(1.0),19/01/22 11:00:00,A,FC_TRA_E,E7000,KTOE,DK,2017,37.768,
ESTAT:TEN00126(1.0),19/01/22 11:00:00,A,FC_TRA_E,E7000,KTOE,DK,2018,37.804,
ESTAT:TEN00126(1.0),19/01/22 11:00:00,A,FC_TRA_E,E7000,KTOE,DK,2019,39.741,
ESTAT:TEN00126(1.0),19/01/22 11:00:00,A,FC_TRA_E,E7000,KTOE,DK,2020,44.665,
ESTAT:TEN00126(1.0),19/01/22 11:00:00,A,FC_TRA_E,E7000,KTOE,EA19,2009,3818.079,
ESTAT:TEN00126(1.0),19/01/22 11:00:00,A,FC_TRA_E,E7000,KTOE,EA19,2010,3894.302,
ESTAT:TEN00126(1.0),19/01/22 11:00:00,A,FC_TRA_E,E7000,KTOE,EA19,2011,3995.314,
ESTAT:TEN00126(1.0),19/01/22 11:00:00,A,FC_TRA_E,E7000,KTOE,EA19,2012,3988.220,
ESTAT:TEN00126(1.0),19/01/22 11:00:00,A,FC_TRA_E,E7000,KTOE,EA19,2013,3989.349,
ESTAT:TEN00126(1.0),19/01/22 11:00:00,A,FC_TRA_E,E7000,KTOE,EA19,2014,3895.154,
ESTAT:TEN00126(1.0),19/01/22 11:00:00,A,FC_TRA_E,E7000,KTOE,EA19,2015,3942.924,
ESTAT:TEN00126(1.0),19/01/22 11:00:00,A,FC_TRA_E,E7000,KTOE,EA19,2016,4001.581,
ESTAT:TEN00126(1.0),19/01/22 11:00:00,A,FC_TRA_E,E7000,KTOE,EA19,2017,4076.064,
ESTAT:TEN00126(1.0),19/01/22 11:00:00,A,FC_TRA_E,E7000,KTOE,EA19,2018,4091.852,
ESTAT:TEN00126(1.0),19/01/22 11:00:00,A,FC_TRA_E,E7000,KTOE,EA19,2019,4051.366,
ESTAT:TEN00126(1.0),19/01/22 11:00:00,A,FC_TRA_E,E7000,KTOE,EA19,2020,3646.298,
ESTAT:TEN00126(1.0),19/01/22 11:00:00,A,FC_TRA_E,E7000,KTOE,EE,2009,7.739,
ESTAT:TEN00126(1.0),19/01/22 11:00:00,A,FC_TRA_E,E7000,KTOE,EE,2010,7.653,
ESTAT:TEN00126(1.0),19/01/22 11:00:00,A,FC_TRA_E,E7000,KTOE,EE,2011,6.879,
ESTAT:TEN00126(1.0),19/01/22 11:00:00,A,FC_TRA_E,E7000,KTOE,EE,2012,6.793,
ESTAT:TEN00126(1.0),19/01/22 11:00:00,A,FC_TRA_E,E7000,KTOE,EE,2013,5.417,
ESTAT:TEN00126(1.0),19/01/22 11:00:00,A,FC_TRA_E,E7000,KTOE,EE,2014,4.299,
ESTAT:TEN00126(1.0),19/01/22 11:00:00,A,FC_TRA_E,E7000,KTOE,EE,2015,4.041,
ESTAT:TEN00126(1.0),19/01/22 11:00:00,A,FC_TRA_E,E7000,KTOE,EE,2016,4.127,
ESTAT:TEN00126(1.0),19/01/22 11:00:00,A,FC_TRA_E,E7000,KTOE,EE,2017,3.955,
ESTAT:TEN00126(1.0),19/01/22 11:00:00,A,FC_TRA_E,E7000,KTOE,EE,2018,3.697,
ESTAT:TEN00126(1.0),19/01/22 11:00:00,A,FC_TRA_E,E7000,KTOE,EE,2019,4.815,
ESTAT:TEN00126(1.0),19/01/22 11:00:00,A,FC_TRA_E,E7000,KTOE,EE,2020,5.837,
ESTAT:TEN00126(1.0),19/01/22 11:00:00,A,FC_TRA_E,E7000,KTOE,EL,2009,19.948,
ESTAT:TEN00126(1.0),19/01/22 11:00:00,A,FC_TRA_E,E7000,KTOE,EL,2010,15.735,
ESTAT:TEN00126(1.0),19/01/22 11:00:00,A,FC_TRA_E,E7000,KTOE,EL,2011,15.821,
ESTAT:TEN00126(1.0),19/01/22 11:00:00,A,FC_TRA_E,E7000,KTOE,EL,2012,16.251,
ESTAT:TEN00126(1.0),19/01/22 11:00:00,A,FC_TRA_E,E7000,KTOE,EL,2013,22.958,
ESTAT:TEN00126(1.0),19/01/22 11:00:00,A,FC_TRA_E,E7000,KTOE,EL,2014,29.493,
ESTAT:TEN00126(1.0),19/01/22 11:00:00,A,FC_TRA_E,E7000,KTOE,EL,2015,33.362,
ESTAT:TEN00126(1.0),19/01/22 11:00:00,A,FC_TRA_E,E7000,KTOE,EL,2016,15.993,
ESTAT:TEN00126(1.0),19/01/22 11:00:00,A,FC_TRA_E,E7000,KTOE,EL,2017,16.173,
ESTAT:TEN00126(1.0),19/01/22 11:00:00,A,FC_TRA_E,E7000,KTOE,EL,2018,17.386,
ESTAT:TEN00126(1.0),19/01/22 11:00:00,A,FC_TRA_E,E7000,KTOE,EL,2019,17.436,
ESTAT:TEN00126(1.0),19/01/22 11:00:00,A,FC_TRA_E,E7000,KTOE,EL,2020,15.003,
ESTAT:TEN00126(1.0),19/01/22 11:00:00,A,FC_TRA_E,E7000,KTOE,ES,2009,256.664,
ESTAT:TEN00126(1.0),19/01/22 11:00:00,A,FC_TRA_E,E7000,KTOE,ES,2010,277.042,
ESTAT:TEN00126(1.0),19/01/22 11:00:00,A,FC_TRA_E,E7000,KTOE,ES,2011,343.078,
ESTAT:TEN00126(1.0),19/01/22 11:00:00,A,FC_TRA_E,E7000,KTOE,ES,2012,336.629,
ESTAT:TEN00126(1.0),19/01/22 11:00:00,A,FC_TRA_E,E7000,KTOE,ES,2013,328.375,
ESTAT:TEN00126(1.0),19/01/22 11:00:00,A,FC_TRA_E,E7000,KTOE,ES,2014,335.856,
ESTAT:TEN00126(1.0),19/01/22 11:00:00,A,FC_TRA_E,E7000,KTOE,ES,2015,342.046,
ESTAT:TEN00126(1.0),19/01/22 11:00:00,A,FC_TRA_E,E7000,KTOE,ES,2016,335.512,
ESTAT:TEN00126(1.0),19/01/22 11:00:00,A,FC_TRA_E,E7000,KTOE,ES,2017,342.820,
ESTAT:TEN00126(1.0),19/01/22 11:00:00,A,FC_TRA_E,E7000,KTOE,ES,2018,347.893,
ESTAT:TEN00126(1.0),19/01/22 11:00:00,A,FC_TRA_E,E7000,KTOE,ES,2019,338.521,
ESTAT:TEN00126(1.0),19/01/22 11:00:00,A,FC_TRA_E,E7000,KTOE,ES,2020,286.758,
ESTAT:TEN00126(1.0),19/01/22 11:00:00,A,FC_TRA_E,E7000,KTOE,EU27_2020,2009,4765.800,
ESTAT:TEN00126(1.0),19/01/22 11:00:00,A,FC_TRA_E,E7000,KTOE,EU27_2020,2010,4831.706,
ESTAT:TEN00126(1.0),19/01/22 11:00:00,A,FC_TRA_E,E7000,KTOE,EU27_2020,2011,4952.236,
ESTAT:TEN00126(1.0),19/01/22 11:00:00,A,FC_TRA_E,E7000,KTOE,EU27_2020,2012,4903.610,
ESTAT:TEN00126(1.0),19/01/22 11:00:00,A,FC_TRA_E,E7000,KTOE,EU27_2020,2013,4913.854,
ESTAT:TEN00126(1.0),19/01/22 11:00:00,A,FC_TRA_E,E7000,KTOE,EU27_2020,2014,4782.600,
ESTAT:TEN00126(1.0),19/01/22 11:00:00,A,FC_TRA_E,E7000,KTOE,EU27_2020,2015,4850.749,
ESTAT:TEN00126(1.0),19/01/22 11:00:00,A,FC_TRA_E,E7000,KTOE,EU27_2020,2016,4935.741,
ESTAT:TEN00126(1.0),19/01/22 11:00:00,A,FC_TRA_E,E7000,KTOE,EU27_2020,2017,5011.657,
ESTAT:TEN00126(1.0),19/01/22 11:00:00,A,FC_TRA_E,E7000,KTOE,EU27_2020,2018,5046.651,
ESTAT:TEN00126(1.0),19/01/22 11:00:00,A,FC_TRA_E,E7000,KTOE,EU27_2020,2019,5020.679,
ESTAT:TEN00126(1.0),19/01/22 11:00:00,A,FC_TRA_E,E7000,KTOE,EU27_2020,2020,4598.313,
ESTAT:TEN00126(1.0),19/01/22 11:00:00,A,FC_TRA_E,E7000,KTOE,FI,2009,61.565,
ESTAT:TEN00126(1.0),19/01/22 11:00:00,A,FC_TRA_E,E7000,KTOE,FI,2010,63.629,
ESTAT:TEN00126(1.0),19/01/22 11:00:00,A,FC_TRA_E,E7000,KTOE,FI,2011,62.769,
ESTAT:TEN00126(1.0),19/01/22 11:00:00,A,FC_TRA_E,E7000,KTOE,FI,2012,63.371,
ESTAT:TEN00126(1.0),19/01/22 11:00:00,A,FC_TRA_E,E7000,KTOE,FI,2013,63.113,
ESTAT:TEN00126(1.0),19/01/22 11:00:00,A,FC_TRA_E,E7000,KTOE,FI,2014,62.253,
ESTAT:TEN00126(1.0),19/01/22 11:00:00,A,FC_TRA_E,E7000,KTOE,FI,2015,60.705,
ESTAT:TEN00126(1.0),19/01/22 11:00:00,A,FC_TRA_E,E7000,KTOE,FI,2016,60.877,
ESTAT:TEN00126(1.0),19/01/22 11:00:00,A,FC_TRA_E,E7000,KTOE,FI,2017,66.638,
ESTAT:TEN00126(1.0),19/01/22 11:00:00,A,FC_TRA_E,E7000,KTOE,FI,2018,72.485,
ESTAT:TEN00126(1.0),19/01/22 11:00:00,A,FC_TRA_E,E7000,KTOE,FI,2019,73.861,
ESTAT:TEN00126(1.0),19/01/22 11:00:00,A,FC_TRA_E,E7000,KTOE,FI,2020,70.163,
ESTAT:TEN00126(1.0),19/01/22 11:00:00,A,FC_TRA_E,E7000,KTOE,FR,2009,866.638,
ESTAT:TEN00126(1.0),19/01/22 11:00:00,A,FC_TRA_E,E7000,KTOE,FR,2010,863.027,
ESTAT:TEN00126(1.0),19/01/22 11:00:00,A,FC_TRA_E,E7000,KTOE,FR,2011,905.224,
ESTAT:TEN00126(1.0),19/01/22 11:00:00,A,FC_TRA_E,E7000,KTOE,FR,2012,921.220,
ESTAT:TEN00126(1.0),19/01/22 11:00:00,A,FC_TRA_E,E7000,KTOE,FR,2013,931.453,
ESTAT:TEN00126(1.0),19/01/22 11:00:00,A,FC_TRA_E,E7000,KTOE,FR,2014,906.719,
ESTAT:TEN00126(1.0),19/01/22 11:00:00,A,FC_TRA_E,E7000,KTOE,FR,2015,920.153,
ESTAT:TEN00126(1.0),19/01/22 11:00:00,A,FC_TRA_E,E7000,KTOE,FR,2016,904.592,
ESTAT:TEN00126(1.0),19/01/22 11:00:00,A,FC_TRA_E,E7000,KTOE,FR,2017,909.674,
ESTAT:TEN00126(1.0),19/01/22 11:00:00,A,FC_TRA_E,E7000,KTOE,FR,2018,867.543,
ESTAT:TEN00126(1.0),19/01/22 11:00:00,A,FC_TRA_E,E7000,KTOE,FR,2019,866.821,
ESTAT:TEN00126(1.0),19/01/22 11:00:00,A,FC_TRA_E,E7000,KTOE,FR,2020,716.973,
ESTAT:TEN00126(1.0),19/01/22 11:00:00,A,FC_TRA_E,E7000,KTOE,GE,2013,24.248,
ESTAT:TEN00126(1.0),19/01/22 11:00:00,A,FC_TRA_E,E7000,KTOE,GE,2014,22.958,
ESTAT:TEN00126(1.0),19/01/22 11:00:00,A,FC_TRA_E,E7000,KTOE,GE,2015,25.279,
ESTAT:TEN00126(1.0),19/01/22 11:00:00,A,FC_TRA_E,E7000,KTOE,GE,2016,25.795,
ESTAT:TEN00126(1.0),19/01/22 11:00:00,A,FC_TRA_E,E7000,KTOE,GE,2017,28.934,
ESTAT:TEN00126(1.0),19/01/22 11:00:00,A,FC_TRA_E,E7000,KTOE,GE,2018,31.427,
ESTAT:TEN00126(1.0),19/01/22 11:00:00,A,FC_TRA_E,E7000,KTOE,GE,2019,36.019,
ESTAT:TEN00126(1.0),19/01/22 11:00:00,A,FC_TRA_E,E7000,KTOE,GE,2020,20.353,
ESTAT:TEN00126(1.0),19/01/22 11:00:00,A,FC_TRA_E,E7000,KTOE,HR,2009,22.958,
ESTAT:TEN00126(1.0),19/01/22 11:00:00,A,FC_TRA_E,E7000,KTOE,HR,2010,22.958,
ESTAT:TEN00126(1.0),19/01/22 11:00:00,A,FC_TRA_E,E7000,KTOE,HR,2011,22.442,
ESTAT:TEN00126(1.0),19/01/22 11:00:00,A,FC_TRA_E,E7000,KTOE,HR,2012,21.410,
ESTAT:TEN00126(1.0),19/01/22 11:00:00,A,FC_TRA_E,E7000,KTOE,HR,2013,20.464,
ESTAT:TEN00126(1.0),19/01/22 11:00:00,A,FC_TRA_E,E7000,KTOE,HR,2014,19.862,
ESTAT:TEN00126(1.0),19/01/22 11:00:00,A,FC_TRA_E,E7000,KTOE,HR,2015,21.066,
ESTAT:TEN00126(1.0),19/01/22 11:00:00,A,FC_TRA_E,E7000,KTOE,HR,2016,21.582,
ESTAT:TEN00126(1.0),19/01/22 11:00:00,A,FC_TRA_E,E7000,KTOE,HR,2017,22.992,
ESTAT:TEN00126(1.0),19/01/22 11:00:00,A,FC_TRA_E,E7000,KTOE,HR,2018,24.248,
ESTAT:TEN00126(1.0),19/01/22 11:00:00,A,FC_TRA_E,E7000,KTOE,HR,2019,23.465,
ESTAT:TEN00126(1.0),19/01/22 11:00:00,A,FC_TRA_E,E7000,KTOE,HR,2020,22.528,
ESTAT:TEN00126(1.0),19/01/22 11:00:00,A,FC_TRA_E,E7000,KTOE,HU,2009,103.267,
ESTAT:TEN00126(1.0),19/01/22 11:00:00,A,FC_TRA_E,E7000,KTOE,HU,2010,95.099,
ESTAT:TEN00126(1.0),19/01/22 11:00:00,A,FC_TRA_E,E7000,KTOE,HU,2011,96.045,
ESTAT:TEN00126(1.0),19/01/22 11:00:00,A,FC_TRA_E,E7000,KTOE,HU,2012,84.523,
ESTAT:TEN00126(1.0),19/01/22 11:00:00,A,FC_TRA_E,E7000,KTOE,HU,2013,105.503,
ESTAT:TEN00126(1.0),19/01/22 11:00:00,A,FC_TRA_E,E7000,KTOE,HU,2014,99.398,
ESTAT:TEN00126(1.0),19/01/22 11:00:00,A,FC_TRA_E,E7000,KTOE,HU,2015,100.688,
ESTAT:TEN00126(1.0),19/01/22 11:00:00,A,FC_TRA_E,E7000,KTOE,HU,2016,101.204,
ESTAT:TEN00126(1.0),19/01/22 11:00:00,A,FC_TRA_E,E7000,KTOE,HU,2017,103.869,
ESTAT:TEN00126(1.0),19/01/22 11:00:00,A,FC_TRA_E,E7000,KTOE,HU,2018,103.783,
ESTAT:TEN00126(1.0),19/01/22 11:00:00,A,FC_TRA_E,E7000,KTOE,HU,2019,103.181,
ESTAT:TEN00126(1.0),19/01/22 11:00:00,A,FC_TRA_E,E7000,KTOE,HU,2020,104.385,
ESTAT:TEN00126(1.0),19/01/22 11:00:00,A,FC_TRA_E,E7000,KTOE,IE,2009,3.853,
ESTAT:TEN00126(1.0),19/01/22 11:00:00,A,FC_TRA_E,E7000,KTOE,IE,2010,3.918,
ESTAT:TEN00126(1.0),19/01/22 11:00:00,A,FC_TRA_E,E7000,KTOE,IE,2011,3.920,
ESTAT:TEN00126(1.0),19/01/22 11:00:00,A,FC_TRA_E,E7000,KTOE,IE,2012,3.910,
ESTAT:TEN00126(1.0),19/01/22 11:00:00,A,FC_TRA_E,E7000,KTOE,IE,2013,3.652,
ESTAT:TEN00126(1.0),19/01/22 11:00:00,A,FC_TRA_E,E7000,KTOE,IE,2014,3.470,
ESTAT:TEN00126(1.0),19/01/22 11:00:00,A,FC_TRA_E,E7000,KTOE,IE,2015,3.770,
ESTAT:TEN00126(1.0),19/01/22 11:00:00,A,FC_TRA_E,E7000,KTOE,IE,2016,4.212,
ESTAT:TEN00126(1.0),19/01/22 11:00:00,A,FC_TRA_E,E7000,KTOE,IE,2017,4.542,
ESTAT:TEN00126(1.0),19/01/22 11:00:00,A,FC_TRA_E,E7000,KTOE,IE,2018,5.372,
ESTAT:TEN00126(1.0),19/01/22 11:00:00,A,FC_TRA_E,E7000,KTOE,IE,2019,6.788,
ESTAT:TEN00126(1.0),19/01/22 11:00:00,A,FC_TRA_E,E7000,KTOE,IE,2020,7.606,
ESTAT:TEN00126(1.0),19/01/22 11:00:00,A,FC_TRA_E,E7000,KTOE,IS,2009,0.000,
ESTAT:TEN00126(1.0),19/01/22 11:00:00,A,FC_TRA_E,E7000,KTOE,IS,2010,0.000,
ESTAT:TEN00126(1.0),19/01/22 11:00:00,A,FC_TRA_E,E7000,KTOE,IS,2011,0.000,
ESTAT:TEN00126(1.0),19/01/22 11:00:00,A,FC_TRA_E,E7000,KTOE,IS,2012,0.086,
ESTAT:TEN00126(1.0),19/01/22 11:00:00,A,FC_TRA_E,E7000,KTOE,IS,2013,0.172,
ESTAT:TEN00126(1.0),19/01/22 11:00:00,A,FC_TRA_E,E7000,KTOE,IS,2014,0.437,
ESTAT:TEN00126(1.0),19/01/22 11:00:00,A,FC_TRA_E,E7000,KTOE,IS,2015,1.871,
ESTAT:TEN00126(1.0),19/01/22 11:00:00,A,FC_TRA_E,E7000,KTOE,IS,2016,5.717,
ESTAT:TEN00126(1.0),19/01/22 11:00:00,A,FC_TRA_E,E7000,KTOE,IS,2017,6.552,
ESTAT:TEN00126(1.0),19/01/22 11:00:00,A,FC_TRA_E,E7000,KTOE,IS,2018,7.629,
ESTAT:TEN00126(1.0),19/01/22 11:00:00,A,FC_TRA_E,E7000,KTOE,IS,2019,1.939,
ESTAT:TEN00126(1.0),19/01/22 11:00:00,A,FC_TRA_E,E7000,KTOE,IS,2020,2.444,
ESTAT:TEN00126(1.0),19/01/22 11:00:00,A,FC_TRA_E,E7000,KTOE,IT,2009,905.847,
ESTAT:TEN00126(1.0),19/01/22 11:00:00,A,FC_TRA_E,E7000,KTOE,IT,2010,917.111,
ESTAT:TEN00126(1.0),19/01/22 11:00:00,A,FC_TRA_E,E7000,KTOE,IT,2011,928.031,
ESTAT:TEN00126(1.0),19/01/22 11:00:00,A,FC_TRA_E,E7000,KTOE,IT,2012,925.107,
ESTAT:TEN00126(1.0),19/01/22 11:00:00,A,FC_TRA_E,E7000,KTOE,IT,2013,926.483,
ESTAT:TEN00126(1.0),19/01/22 11:00:00,A,FC_TRA_E,E7000,KTOE,IT,2014,899.656,
ESTAT:TEN00126(1.0),19/01/22 11:00:00,A,FC_TRA_E,E7000,KTOE,IT,2015,933.448,
ESTAT:TEN00126(1.0),19/01/22 11:00:00,A,FC_TRA_E,E7000,KTOE,IT,2016,959.759,
ESTAT:TEN00126(1.0),19/01/22 11:00:00,A,FC_TRA_E,E7000,KTOE,IT,2017,978.750,
ESTAT:TEN00126(1.0),19/01/22 11:00:00,A,FC_TRA_E,E7000,KTOE,IT,2018,992.261,
ESTAT:TEN00126(1.0),19/01/22 11:00:00,A,FC_TRA_E,E7000,KTOE,IT,2019,992.399,
ESTAT:TEN00126(1.0),19/01/22 11:00:00,A,FC_TRA_E,E7000,KTOE,IT,2020,869.663,
ESTAT:TEN00126(1.0),19/01/22 11:00:00,A,FC_TRA_E,E7000,KTOE,LT,2009,6.621,
ESTAT:TEN00126(1.0),19/01/22 11:00:00,A,FC_TRA_E,E7000,KTOE,LT,2010,6.535,
ESTAT:TEN00126(1.0),19/01/22 11:00:00,A,FC_TRA_E,E7000,KTOE,LT,2011,6.363,
ESTAT:TEN00126(1.0),19/01/22 11:00:00,A,FC_TRA_E,E7000,KTOE,LT,2012,6.449,
ESTAT:TEN00126(1.0),19/01/22 11:00:00,A,FC_TRA_E,E7000,KTOE,LT,2013,6.363,
ESTAT:TEN00126(1.0),19/01/22 11:00:00,A,FC_TRA_E,E7000,KTOE,LT,2014,5.417,
ESTAT:TEN00126(1.0),19/01/22 11:00:00,A,FC_TRA_E,E7000,KTOE,LT,2015,5.761,
ESTAT:TEN00126(1.0),19/01/22 11:00:00,A,FC_TRA_E,E7000,KTOE,LT,2016,6.191,
ESTAT:TEN00126(1.0),19/01/22 11:00:00,A,FC_TRA_E,E7000,KTOE,LT,2017,6.389,
ESTAT:TEN00126(1.0),19/01/22 11:00:00,A,FC_TRA_E,E7000,KTOE,LT,2018,6.862,
ESTAT:TEN00126(1.0),19/01/22 11:00:00,A,FC_TRA_E,E7000,KTOE,LT,2019,6.664,
ESTAT:TEN00126(1.0),19/01/22 11:00:00,A,FC_TRA_E,E7000,KTOE,LT,2020,6.251,
ESTAT:TEN00126(1.0),19/01/22 11:00:00,A,FC_TRA_E,E7000,KTOE,LU,2009,9.654,
ESTAT:TEN00126(1.0),19/01/22 11:00:00,A,FC_TRA_E,E7000,KTOE,LU,2010,10.284,
ESTAT:TEN00126(1.0),19/01/22 11:00:00,A,FC_TRA_E,E7000,KTOE,LU,2011,11.133,
ESTAT:TEN00126(1.0),19/01/22 11:00:00,A,FC_TRA_E,E7000,KTOE,LU,2012,11.069,
ESTAT:TEN00126(1.0),19/01/22 11:00:00,A,FC_TRA_E,E7000,KTOE,LU,2013,11.700,
ESTAT:TEN00126(1.0),19/01/22 11:00:00,A,FC_TRA_E,E7000,KTOE,LU,2014,11.166,
ESTAT:TEN00126(1.0),19/01/22 11:00:00,A,FC_TRA_E,E7000,KTOE,LU,2015,11.893,
ESTAT:TEN00126(1.0),19/01/22 11:00:00,A,FC_TRA_E,E7000,KTOE,LU,2016,11.886,
ESTAT:TEN00126(1.0),19/01/22 11:00:00,A,FC_TRA_E,E7000,KTOE,LU,2017,12.247,
ESTAT:TEN00126(1.0),19/01/22 11:00:00,A,FC_TRA_E,E7000,KTOE,LU,2018,12.949,
ESTAT:TEN00126(1.0),19/01/22 11:00:00,A,FC_TRA_E,E7000,KTOE,LU,2019,13.518,
ESTAT:TEN00126(1.0),19/01/22 11:00:00,A,FC_TRA_E,E7000,KTOE,LU,2020,12.786,
ESTAT:TEN00126(1.0),19/01/22 11:00:00,A,FC_TRA_E,E7000,KTOE,LV,2009,10.404,
ESTAT:TEN00126(1.0),19/01/22 11:00:00,A,FC_TRA_E,E7000,KTOE,LV,2010,10.834,
ESTAT:TEN00126(1.0),19/01/22 11:00:00,A,FC_TRA_E,E7000,KTOE,LV,2011,10.662,
ESTAT:TEN00126(1.0),19/01/22 11:00:00,A,FC_TRA_E,E7000,KTOE,LV,2012,11.092,
ESTAT:TEN00126(1.0),19/01/22 11:00:00,A,FC_TRA_E,E7000,KTOE,LV,2013,10.662,
ESTAT:TEN00126(1.0),19/01/22 11:00:00,A,FC_TRA_E,E7000,KTOE,LV,2014,10.060,
ESTAT:TEN00126(1.0),19/01/22 11:00:00,A,FC_TRA_E,E7000,KTOE,LV,2015,9.114,
ESTAT:TEN00126(1.0),19/01/22 11:00:00,A,FC_TRA_E,E7000,KTOE,LV,2016,9.028,
ESTAT:TEN00126(1.0),19/01/22 11:00:00,A,FC_TRA_E,E7000,KTOE,LV,2017,8.998,
ESTAT:TEN00126(1.0),19/01/22 11:00:00,A,FC_TRA_E,E7000,KTOE,LV,2018,8.904,
ESTAT:TEN00126(1.0),19/01/22 11:00:00,A,FC_TRA_E,E7000,KTOE,LV,2019,8.662,
ESTAT:TEN00126(1.0),19/01/22 11:00:00,A,FC_TRA_E,E7000,KTOE,LV,2020,8.109,
ESTAT:TEN00126(1.0),19/01/22 11:00:00,A,FC_TRA_E,E7000,KTOE,MD,2010,3.955,
ESTAT:TEN00126(1.0),19/01/22 11:00:00,A,FC_TRA_E,E7000,KTOE,MD,2011,4.299,
ESTAT:TEN00126(1.0),19/01/22 11:00:00,A,FC_TRA_E,E7000,KTOE,MD,2012,4.643,
ESTAT:TEN00126(1.0),19/01/22 11:00:00,A,FC_TRA_E,E7000,KTOE,MD,2013,5.073,
ESTAT:TEN00126(1.0),19/01/22 11:00:00,A,FC_TRA_E,E7000,KTOE,MD,2014,4.041,
ESTAT:TEN00126(1.0),19/01/22 11:00:00,A,FC_TRA_E,E7000,KTOE,MD,2015,4.213,
ESTAT:TEN00126(1.0),19/01/22 11:00:00,A,FC_TRA_E,E7000,KTOE,MD,2016,5.331,
ESTAT:TEN00126(1.0),19/01/22 11:00:00,A,FC_TRA_E,E7000,KTOE,MD,2017,7.051,
ESTAT:TEN00126(1.0),19/01/22 11:00:00,A,FC_TRA_E,E7000,KTOE,MD,2018,6.191,
ESTAT:TEN00126(1.0),19/01/22 11:00:00,A,FC_TRA_E,E7000,KTOE,MD,2019,3.869,
ESTAT:TEN00126(1.0),19/01/22 11:00:00,A,FC_TRA_E,E7000,KTOE,MD,2020,3.611,
ESTAT:TEN00126(1.0),19/01/22 11:00:00,A,FC_TRA_E,E7000,KTOE,ME,2009,1.548,
ESTAT:TEN00126(1.0),19/01/22 11:00:00,A,FC_TRA_E,E7000,KTOE,ME,2010,1.892,
ESTAT:TEN00126(1.0),19/01/22 11:00:00,A,FC_TRA_E,E7000,KTOE,ME,2011,1.118,
ESTAT:TEN00126(1.0),19/01/22 11:00:00,A,FC_TRA_E,E7000,KTOE,ME,2012,1.290,
ESTAT:TEN00126(1.0),19/01/22 11:00:00,A,FC_TRA_E,E7000,KTOE,ME,2013,1.720,
ESTAT:TEN00126(1.0),19/01/22 11:00:00,A,FC_TRA_E,E7000,KTOE,ME,2014,1.548,
ESTAT:TEN00126(1.0),19/01/22 11:00:00,A,FC_TRA_E,E7000,KTOE,ME,2015,1.720,
ESTAT:TEN00126(1.0),19/01/22 11:00:00,A,FC_TRA_E,E7000,KTOE,ME,2016,1.806,
ESTAT:TEN00126(1.0),19/01/22 11:00:00,A,FC_TRA_E,E7000,KTOE,ME,2017,1.745,
ESTAT:TEN00126(1.0),19/01/22 11:00:00,A,FC_TRA_E,E7000,KTOE,ME,2018,1.651,
ESTAT:TEN00126(1.0),19/01/22 11:00:00,A,FC_TRA_E,E7000,KTOE,ME,2019,1.780,
ESTAT:TEN00126(1.0),19/01/22 11:00:00,A,FC_TRA_E,E7000,KTOE,ME,2020,1.058,
ESTAT:TEN00126(1.0),19/01/22 11:00:00,A,FC_TRA_E,E7000,KTOE,MK,2009,2.322,
ESTAT:TEN00126(1.0),19/01/22 11:00:00,A,FC_TRA_E,E7000,KTOE,MK,2010,1.720,
ESTAT:TEN00126(1.0),19/01/22 11:00:00,A,FC_TRA_E,E7000,KTOE,MK,2011,1.462,
ESTAT:TEN00126(1.0),19/01/22 11:00:00,A,FC_TRA_E,E7000,KTOE,MK,2012,1.462,
ESTAT:TEN00126(1.0),19/01/22 11:00:00,A,FC_TRA_E,E7000,KTOE,MK,2013,1.462,
ESTAT:TEN00126(1.0),19/01/22 11:00:00,A,FC_TRA_E,E7000,KTOE,MK,2014,1.634,
ESTAT:TEN00126(1.0),19/01/22 11:00:00,A,FC_TRA_E,E7000,KTOE,MK,2015,1.462,
ESTAT:TEN00126(1.0),19/01/22 11:00:00,A,FC_TRA_E,E7000,KTOE,MK,2016,1.209,
ESTAT:TEN00126(1.0),19/01/22 11:00:00,A,FC_TRA_E,E7000,KTOE,MK,2017,1.175,
ESTAT:TEN00126(1.0),19/01/22 11:00:00,A,FC_TRA_E,E7000,KTOE,MK,2018,1.012,
ESTAT:TEN00126(1.0),19/01/22 11:00:00,A,FC_TRA_E,E7000,KTOE,MK,2019,1.212,
ESTAT:TEN00126(1.0),19/01/22 11:00:00,A,FC_TRA_E,E7000,KTOE,MK,2020,1.092,
ESTAT:TEN00126(1.0),19/01/22 11:00:00,A,FC_TRA_E,E7000,KTOE,MT,2009,0.000,
ESTAT:TEN00126(1.0),19/01/22 11:00:00,A,FC_TRA_E,E7000,KTOE,MT,2010,0.000,
ESTAT:TEN00126(1.0),19/01/22 11:00:00,A,FC_TRA_E,E7000,KTOE,MT,2011,0.000,
ESTAT:TEN00126(1.0),19/01/22 11:00:00,A,FC_TRA_E,E7000,KTOE,MT,2012,0.000,
ESTAT:TEN00126(1.0),19/01/22 11:00:00,A,FC_TRA_E,E7000,KTOE,MT,2013,0.000,
ESTAT:TEN00126(1.0),19/01/22 11:00:00,A,FC_TRA_E,E7000,KTOE,MT,2014,0.000,
ESTAT:TEN00126(1.0),19/01/22 11:00:00,A,FC_TRA_E,E7000,KTOE,MT,2015,0.000,
ESTAT:TEN00126(1.0),19/01/22 11:00:00,A,FC_TRA_E,E7000,KTOE,MT,2016,0.000,
ESTAT:TEN00126(1.0),19/01/22 11:00:00,A,FC_TRA_E,E7000,KTOE,MT,2017,0.029,
ESTAT:TEN00126(1.0),19/01/22 11:00:00,A,FC_TRA_E,E7000,KTOE,MT,2018,0.083,
ESTAT:TEN00126(1.0),19/01/22 11:00:00,A,FC_TRA_E,E7000,KTOE,MT,2019,0.139,
ESTAT:TEN00126(1.0),19/01/22 11:00:00,A,FC_TRA_E,E7000,KTOE,MT,2020,0.183,
ESTAT:TEN00126(1.0),19/01/22 11:00:00,A,FC_TRA_E,E7000,KTOE,NL,2009,144.282,
ESTAT:TEN00126(1.0),19/01/22 11:00:00,A,FC_TRA_E,E7000,KTOE,NL,2010,150.989,
ESTAT:TEN00126(1.0),19/01/22 11:00:00,A,FC_TRA_E,E7000,KTOE,NL,2011,149.699,
ESTAT:TEN00126(1.0),19/01/22 11:00:00,A,FC_TRA_E,E7000,KTOE,NL,2012,151.591,
ESTAT:TEN00126(1.0),19/01/22 11:00:00,A,FC_TRA_E,E7000,KTOE,NL,2013,150.473,
ESTAT:TEN00126(1.0),19/01/22 11:00:00,A,FC_TRA_E,E7000,KTOE,NL,2014,147.549,
ESTAT:TEN00126(1.0),19/01/22 11:00:00,A,FC_TRA_E,E7000,KTOE,NL,2015,156.753,
ESTAT:TEN00126(1.0),19/01/22 11:00:00,A,FC_TRA_E,E7000,KTOE,NL,2016,157.913,
ESTAT:TEN00126(1.0),19/01/22 11:00:00,A,FC_TRA_E,E7000,KTOE,NL,2017,158.662,
ESTAT:TEN00126(1.0),19/01/22 11:00:00,A,FC_TRA_E,E7000,KTOE,NL,2018,172.170,
ESTAT:TEN00126(1.0),19/01/22 11:00:00,A,FC_TRA_E,E7000,KTOE,NL,2019,185.564,
ESTAT:TEN00126(1.0),19/01/22 11:00:00,A,FC_TRA_E,E7000,KTOE,NL,2020,186.227,
ESTAT:TEN00126(1.0),19/01/22 11:00:00,A,FC_TRA_E,E7000,KTOE,NO,2009,56.750,
ESTAT:TEN00126(1.0),19/01/22 11:00:00,A,FC_TRA_E,E7000,KTOE,NO,2010,49.011,
ESTAT:TEN00126(1.0),19/01/22 11:00:00,A,FC_TRA_E,E7000,KTOE,NO,2011,46.862,
ESTAT:TEN00126(1.0),19/01/22 11:00:00,A,FC_TRA_E,E7000,KTOE,NO,2012,53.482,
ESTAT:TEN00126(1.0),19/01/22 11:00:00,A,FC_TRA_E,E7000,KTOE,NO,2013,54.342,
ESTAT:TEN00126(1.0),19/01/22 11:00:00,A,FC_TRA_E,E7000,KTOE,NO,2014,56.234,
ESTAT:TEN00126(1.0),19/01/22 11:00:00,A,FC_TRA_E,E7000,KTOE,NO,2015,68.272,
ESTAT:TEN00126(1.0),19/01/22 11:00:00,A,FC_TRA_E,E7000,KTOE,NO,2016,77.472,
ESTAT:TEN00126(1.0),19/01/22 11:00:00,A,FC_TRA_E,E7000,KTOE,NO,2017,85.383,
ESTAT:TEN00126(1.0),19/01/22 11:00:00,A,FC_TRA_E,E7000,KTOE,NO,2018,105.163,
ESTAT:TEN00126(1.0),19/01/22 11:00:00,A,FC_TRA_E,E7000,KTOE,NO,2019,124.334,
ESTAT:TEN00126(1.0),19/01/22 11:00:00,A,FC_TRA_E,E7000,KTOE,NO,2020,142.042,
ESTAT:TEN00126(1.0),19/01/22 11:00:00,A,FC_TRA_E,E7000,KTOE,PL,2009,276.870,
ESTAT:TEN00126(1.0),19/01/22 11:00:00,A,FC_TRA_E,E7000,KTOE,PL,2010,287.016,
ESTAT:TEN00126(1.0),19/01/22 11:00:00,A,FC_TRA_E,E7000,KTOE,PL,2011,285.211,
ESTAT:TEN00126(1.0),19/01/22 11:00:00,A,FC_TRA_E,E7000,KTOE,PL,2012,275.150,
ESTAT:TEN00126(1.0),19/01/22 11:00:00,A,FC_TRA_E,E7000,KTOE,PL,2013,271.367,
ESTAT:TEN00126(1.0),19/01/22 11:00:00,A,FC_TRA_E,E7000,KTOE,PL,2014,258.555,
ESTAT:TEN00126(1.0),19/01/22 11:00:00,A,FC_TRA_E,E7000,KTOE,PL,2015,267.154,
ESTAT:TEN00126(1.0),19/01/22 11:00:00,A,FC_TRA_E,E7000,KTOE,PL,2016,282.631,
ESTAT:TEN00126(1.0),19/01/22 11:00:00,A,FC_TRA_E,E7000,KTOE,PL,2017,285.980,
ESTAT:TEN00126(1.0),19/01/22 11:00:00,A,FC_TRA_E,E7000,KTOE,PL,2018,298.312,
ESTAT:TEN00126(1.0),19/01/22 11:00:00,A,FC_TRA_E,E7000,KTOE,PL,2019,293.481,
ESTAT:TEN00126(1.0),19/01/22 11:00:00,A,FC_TRA_E,E7000,KTOE,PL,2020,272.905,
ESTAT:TEN00126(1.0),19/01/22 11:00:00,A,FC_TRA_E,E7000,KTOE,PT,2009,41.531,
ESTAT:TEN00126(1.0),19/01/22 11:00:00,A,FC_TRA_E,E7000,KTOE,PT,2010,40.843,
ESTAT:TEN00126(1.0),19/01/22 11:00:00,A,FC_TRA_E,E7000,KTOE,PT,2011,34.738,
ESTAT:TEN00126(1.0),19/01/22 11:00:00,A,FC_TRA_E,E7000,KTOE,PT,2012,34.480,
ESTAT:TEN00126(1.0),19/01/22 11:00:00,A,FC_TRA_E,E7000,KTOE,PT,2013,25.881,
ESTAT:TEN00126(1.0),19/01/22 11:00:00,A,FC_TRA_E,E7000,KTOE,PT,2014,25.967,
ESTAT:TEN00126(1.0),19/01/22 11:00:00,A,FC_TRA_E,E7000,KTOE,PT,2015,26.483,
ESTAT:TEN00126(1.0),19/01/22 11:00:00,A,FC_TRA_E,E7000,KTOE,PT,2016,37.115,
ESTAT:TEN00126(1.0),19/01/22 11:00:00,A,FC_TRA_E,E7000,KTOE,PT,2017,41.740,
ESTAT:TEN00126(1.0),19/01/22 11:00:00,A,FC_TRA_E,E7000,KTOE,PT,2018,42.181,
ESTAT:TEN00126(1.0),19/01/22 11:00:00,A,FC_TRA_E,E7000,KTOE,PT,2019,42.515,
ESTAT:TEN00126(1.0),19/01/22 11:00:00,A,FC_TRA_E,E7000,KTOE,PT,2020,36.962,
ESTAT:TEN00126(1.0),19/01/22 11:00:00,A,FC_TRA_E,E7000,KTOE,RO,2009,118.917,
ESTAT:TEN00126(1.0),19/01/22 11:00:00,A,FC_TRA_E,E7000,KTOE,RO,2010,116.509,
ESTAT:TEN00126(1.0),19/01/22 11:00:00,A,FC_TRA_E,E7000,KTOE,RO,2011,122.442,
ESTAT:TEN00126(1.0),19/01/22 11:00:00,A,FC_TRA_E,E7000,KTOE,RO,2012,105.589,
ESTAT:TEN00126(1.0),19/01/22 11:00:00,A,FC_TRA_E,E7000,KTOE,RO,2013,96.819,
ESTAT:TEN00126(1.0),19/01/22 11:00:00,A,FC_TRA_E,E7000,KTOE,RO,2014,91.316,
ESTAT:TEN00126(1.0),19/01/22 11:00:00,A,FC_TRA_E,E7000,KTOE,RO,2015,93.035,
ESTAT:TEN00126(1.0),19/01/22 11:00:00,A,FC_TRA_E,E7000,KTOE,RO,2016,90.112,
ESTAT:TEN00126(1.0),19/01/22 11:00:00,A,FC_TRA_E,E7000,KTOE,RO,2017,93.655,
ESTAT:TEN00126(1.0),19/01/22 11:00:00,A,FC_TRA_E,E7000,KTOE,RO,2018,90.824,
ESTAT:TEN00126(1.0),19/01/22 11:00:00,A,FC_TRA_E,E7000,KTOE,RO,2019,91.156,
ESTAT:TEN00126(1.0),19/01/22 11:00:00,A,FC_TRA_E,E7000,KTOE,RO,2020,93.400,
ESTAT:TEN00126(1.0),19/01/22 11:00:00,A,FC_TRA_E,E7000,KTOE,RS,2009,43.164,
ESTAT:TEN00126(1.0),19/01/22 11:00:00,A,FC_TRA_E,E7000,KTOE,RS,2010,19.261,
ESTAT:TEN00126(1.0),19/01/22 11:00:00,A,FC_TRA_E,E7000,KTOE,RS,2011,45.486,
ESTAT:TEN00126(1.0),19/01/22 11:00:00,A,FC_TRA_E,E7000,KTOE,RS,2012,42.304,
ESTAT:TEN00126(1.0),19/01/22 11:00:00,A,FC_TRA_E,E7000,KTOE,RS,2013,41.101,
ESTAT:TEN00126(1.0),19/01/22 11:00:00,A,FC_TRA_E,E7000,KTOE,RS,2014,28.891,
ESTAT:TEN00126(1.0),19/01/22 11:00:00,A,FC_TRA_E,E7000,KTOE,RS,2015,30.181,
ESTAT:TEN00126(1.0),19/01/22 11:00:00,A,FC_TRA_E,E7000,KTOE,RS,2016,30.267,
ESTAT:TEN00126(1.0),19/01/22 11:00:00,A,FC_TRA_E,E7000,KTOE,RS,2017,32.220,
ESTAT:TEN00126(1.0),19/01/22 11:00:00,A,FC_TRA_E,E7000,KTOE,RS,2018,32.217,
ESTAT:TEN00126(1.0),19/01/22 11:00:00,A,FC_TRA_E,E7000,KTOE,RS,2019,32.225,
ESTAT:TEN00126(1.0),19/01/22 11:00:00,A,FC_TRA_E,E7000,KTOE,RS,2020,30.767,
ESTAT:TEN00126(1.0),19/01/22 11:00:00,A,FC_TRA_E,E7000,KTOE,SE,2009,209.630,
ESTAT:TEN00126(1.0),19/01/22 11:00:00,A,FC_TRA_E,E7000,KTOE,SE,2010,206.707,
ESTAT:TEN00126(1.0),19/01/22 11:00:00,A,FC_TRA_E,E7000,KTOE,SE,2011,226.999,
ESTAT:TEN00126(1.0),19/01/22 11:00:00,A,FC_TRA_E,E7000,KTOE,SE,2012,230.868,
ESTAT:TEN00126(1.0),19/01/22 11:00:00,A,FC_TRA_E,E7000,KTOE,SE,2013,236.457,
ESTAT:TEN00126(1.0),19/01/22 11:00:00,A,FC_TRA_E,E7000,KTOE,SE,2014,224.850,
ESTAT:TEN00126(1.0),19/01/22 11:00:00,A,FC_TRA_E,E7000,KTOE,SE,2015,223.130,
ESTAT:TEN00126(1.0),19/01/22 11:00:00,A,FC_TRA_E,E7000,KTOE,SE,2016,229.063,
ESTAT:TEN00126(1.0),19/01/22 11:00:00,A,FC_TRA_E,E7000,KTOE,SE,2017,212.898,
ESTAT:TEN00126(1.0),19/01/22 11:00:00,A,FC_TRA_E,E7000,KTOE,SE,2018,221.238,
ESTAT:TEN00126(1.0),19/01/22 11:00:00,A,FC_TRA_E,E7000,KTOE,SE,2019,235.426,
ESTAT:TEN00126(1.0),19/01/22 11:00:00,A,FC_TRA_E,E7000,KTOE,SE,2020,237.059,
ESTAT:TEN00126(1.0),19/01/22 11:00:00,A,FC_TRA_E,E7000,KTOE,SI,2009,13.414,
ESTAT:TEN00126(1.0),19/01/22 11:00:00,A,FC_TRA_E,E7000,KTOE,SI,2010,14.875,
ESTAT:TEN00126(1.0),19/01/22 11:00:00,A,FC_TRA_E,E7000,KTOE,SI,2011,14.101,
ESTAT:TEN00126(1.0),19/01/22 11:00:00,A,FC_TRA_E,E7000,KTOE,SI,2012,13.672,
ESTAT:TEN00126(1.0),19/01/22 11:00:00,A,FC_TRA_E,E7000,KTOE,SI,2013,13.242,
ESTAT:TEN00126(1.0),19/01/22 11:00:00,A,FC_TRA_E,E7000,KTOE,SI,2014,11.694,
ESTAT:TEN00126(1.0),19/01/22 11:00:00,A,FC_TRA_E,E7000,KTOE,SI,2015,13.070,
ESTAT:TEN00126(1.0),19/01/22 11:00:00,A,FC_TRA_E,E7000,KTOE,SI,2016,14.273,
ESTAT:TEN00126(1.0),19/01/22 11:00:00,A,FC_TRA_E,E7000,KTOE,SI,2017,20.012,
ESTAT:TEN00126(1.0),19/01/22 11:00:00,A,FC_TRA_E,E7000,KTOE,SI,2018,20.047,
ESTAT:TEN00126(1.0),19/01/22 11:00:00,A,FC_TRA_E,E7000,KTOE,SI,2019,19.864,
ESTAT:TEN00126(1.0),19/01/22 11:00:00,A,FC_TRA_E,E7000,KTOE,SI,2020,18.038,
ESTAT:TEN00126(1.0),19/01/22 11:00:00,A,FC_TRA_E,E7000,KTOE,SK,2009,43.250,
ESTAT:TEN00126(1.0),19/01/22 11:00:00,A,FC_TRA_E,E7000,KTOE,SK,2010,46.260,
ESTAT:TEN00126(1.0),19/01/22 11:00:00,A,FC_TRA_E,E7000,KTOE,SK,2011,46.088,
ESTAT:TEN00126(1.0),19/01/22 11:00:00,A,FC_TRA_E,E7000,KTOE,SK,2012,48.151,
ESTAT:TEN00126(1.0),19/01/22 11:00:00,A,FC_TRA_E,E7000,KTOE,SK,2013,48.753,
ESTAT:TEN00126(1.0),19/01/22 11:00:00,A,FC_TRA_E,E7000,KTOE,SK,2014,49.355,
ESTAT:TEN00126(1.0),19/01/22 11:00:00,A,FC_TRA_E,E7000,KTOE,SK,2015,51.763,
ESTAT:TEN00126(1.0),19/01/22 11:00:00,A,FC_TRA_E,E7000,KTOE,SK,2016,52.193,
ESTAT:TEN00126(1.0),19/01/22 11:00:00,A,FC_TRA_E,E7000,KTOE,SK,2017,50.387,
ESTAT:TEN00126(1.0),19/01/22 11:00:00,A,FC_TRA_E,E7000,KTOE,SK,2018,50.559,
ESTAT:TEN00126(1.0),19/01/22 11:00:00,A,FC_TRA_E,E7000,KTOE,SK,2019,45.572,
ESTAT:TEN00126(1.0),19/01/22 11:00:00,A,FC_TRA_E,E7000,KTOE,SK,2020,43.422,
ESTAT:TEN00126(1.0),19/01/22 11:00:00,A,FC_TRA_E,E7000,KTOE,TR,2009,47.807,
ESTAT:TEN00126(1.0),19/01/22 11:00:00,A,FC_TRA_E,E7000,KTOE,TR,2010,50.817,
ESTAT:TEN00126(1.0),19/01/22 11:00:00,A,FC_TRA_E,E7000,KTOE,TR,2011,56.492,
ESTAT:TEN00126(1.0),19/01/22 11:00:00,A,FC_TRA_E,E7000,KTOE,TR,2012,68.702,
ESTAT:TEN00126(1.0),19/01/22 11:00:00,A,FC_TRA_E,E7000,KTOE,TR,2013,71.023,
ESTAT:TEN00126(1.0),19/01/22 11:00:00,A,FC_TRA_E,E7000,KTOE,TR,2014,78.762,
ESTAT:TEN00126(1.0),19/01/22 11:00:00,A,FC_TRA_E,E7000,KTOE,TR,2015,91.316,
ESTAT:TEN00126(1.0),19/01/22 11:00:00,A,FC_TRA_E,E7000,KTOE,TR,2016,99.398,
ESTAT:TEN00126(1.0),19/01/22 11:00:00,A,FC_TRA_E,E7000,KTOE,TR,2017,111.111,
ESTAT:TEN00126(1.0),19/01/22 11:00:00,A,FC_TRA_E,E7000,KTOE,TR,2018,116.081,
ESTAT:TEN00126(1.0),19/01/22 11:00:00,A,FC_TRA_E,E7000,KTOE,TR,2019,135.646,
ESTAT:TEN00126(1.0),19/01/22 11:00:00,A,FC_TRA_E,E7000,KTOE,TR,2020,123.442,
ESTAT:TEN00126(1.0),19/01/22 11:00:00,A,FC_TRA_E,E7000,KTOE,UA,2009,786.242,
ESTAT:TEN00126(1.0),19/01/22 11:00:00,A,FC_TRA_E,E7000,KTOE,UA,2010,771.453,
ESTAT:TEN00126(1.0),19/01/22 11:00:00,A,FC_TRA_E,E7000,KTOE,UA,2011,850.129,
ESTAT:TEN00126(1.0),19/01/22 11:00:00,A,FC_TRA_E,E7000,KTOE,UA,2012,797.850,
ESTAT:TEN00126(1.0),19/01/22 11:00:00,A,FC_TRA_E,E7000,KTOE,UA,2013,747.206,
ESTAT:TEN00126(1.0),19/01/22 11:00:00,A,FC_TRA_E,E7000,KTOE,UA,2014,694.067,
ESTAT:TEN00126(1.0),19/01/22 11:00:00,A,FC_TRA_E,E7000,KTOE,UA,2015,585.297,
ESTAT:TEN00126(1.0),19/01/22 11:00:00,A,FC_TRA_E,E7000,KTOE,UA,2016,584.351,
ESTAT:TEN00126(1.0),19/01/22 11:00:00,A,FC_TRA_E,E7000,KTOE,UA,2017,605.675,
ESTAT:TEN00126(1.0),19/01/22 11:00:00,A,FC_TRA_E,E7000,KTOE,UA,2018,597.713,
ESTAT:TEN00126(1.0),19/01/22 11:00:00,A,FC_TRA_E,E7000,KTOE,UA,2019,567.782,
ESTAT:TEN00126(1.0),19/01/22 11:00:00,A,FC_TRA_E,E7000,KTOE,UA,2020,491.187,
ESTAT:TEN00126(1.0),19/01/22 11:00:00,A,FC_TRA_E,E7000,KTOE,UK,2009,347.377,
ESTAT:TEN00126(1.0),19/01/22 11:00:00,A,FC_TRA_E,E7000,KTOE,UK,2010,349.699,
ESTAT:TEN00126(1.0),19/01/22 11:00:00,A,FC_TRA_E,E7000,KTOE,UK,2011,361.565,
ESTAT:TEN00126(1.0),19/01/22 11:00:00,A,FC_TRA_E,E7000,KTOE,UK,2012,385.211,
ESTAT:TEN00126(1.0),19/01/22 11:00:00,A,FC_TRA_E,E7000,KTOE,UK,2013,374.205,
ESTAT:TEN00126(1.0),19/01/22 11:00:00,A,FC_TRA_E,E7000,KTOE,UK,2014,387.360,
ESTAT:TEN00126(1.0),19/01/22 11:00:00,A,FC_TRA_E,E7000,KTOE,UK,2015,388.350,
ESTAT:TEN00126(1.0),19/01/22 11:00:00,A,FC_TRA_E,E7000,KTOE,UK,2016,403.275,
ESTAT:TEN00126(1.0),19/01/22 11:00:00,A,FC_TRA_E,E7000,KTOE,UK,2017,415.586,
ESTAT:TEN00126(1.0),19/01/22 11:00:00,A,FC_TRA_E,E7000,KTOE,UK,2018,428.508,
ESTAT:TEN00126(1.0),19/01/22 11:00:00,A,FC_TRA_E,E7000,KTOE,UK,2019,469.119,
ESTAT:TEN00126(1.0),19/01/22 11:00:00,A,FC_TRA_E,E7000,KTOE,XK,2009,0.000,
ESTAT:TEN00126(1.0),19/01/22 11:00:00,A,FC_TRA_E,E7000,KTOE,XK,2010,0.000,
ESTAT:TEN00126(1.0),19/01/22 11:00:00,A,FC_TRA_E,E7000,KTOE,XK,2011,0.000,
ESTAT:TEN00126(1.0),19/01/22 11:00:00,A,FC_TRA_E,E7000,KTOE,XK,2012,0.000,
ESTAT:TEN00126(1.0),19/01/22 11:00:00,A,FC_TRA_E,E7000,KTOE,XK,2013,0.000,
ESTAT:TEN00126(1.0),19/01/22 11:00:00,A,FC_TRA_E,E7000,KTOE,XK,2014,0.000,
ESTAT:TEN00126(1.0),19/01/22 11:00:00,A,FC_TRA_E,E7000,KTOE,XK,2015,0.000,
ESTAT:TEN00126(1.0),19/01/22 11:00:00,A,FC_TRA_E,E7000,KTOE,XK,2016,0.000,
ESTAT:TEN00126(1.0),19/01/22 11:00:00,A,FC_TRA_E,E7000,KTOE,XK,2017,0.000,
ESTAT:TEN00126(1.0),19/01/22 11:00:00,A,FC_TRA_E,E7000,KTOE,XK,2018,0.000,
ESTAT:TEN00126(1.0),19/01/22 11:00:00,A,FC_TRA_E,E7000,KTOE,XK,2019,0.000,
ESTAT:TEN00126(1.0),19/01/22 11:00:00,A,FC_TRA_E,E7000,KTOE,XK,2020,0.000,
ESTAT:TEN00126(1.0),19/01/22 11:00:00,A,FC_TRA_E,G3000,KTOE,AL,2009,0.000,
ESTAT:TEN00126(1.0),19/01/22 11:00:00,A,FC_TRA_E,G3000,KTOE,AL,2010,0.000,
ESTAT:TEN00126(1.0),19/01/22 11:00:00,A,FC_TRA_E,G3000,KTOE,AL,2011,0.000,
ESTAT:TEN00126(1.0),19/01/22 11:00:00,A,FC_TRA_E,G3000,KTOE,AL,2012,0.000,
ESTAT:TEN00126(1.0),19/01/22 11:00:00,A,FC_TRA_E,G3000,KTOE,AL,2013,0.000,
ESTAT:TEN00126(1.0),19/01/22 11:00:00,A,FC_TRA_E,G3000,KTOE,AL,2014,0.000,
ESTAT:TEN00126(1.0),19/01/22 11:00:00,A,FC_TRA_E,G3000,KTOE,AL,2015,0.000,
ESTAT:TEN00126(1.0),19/01/22 11:00:00,A,FC_TRA_E,G3000,KTOE,AL,2016,0.000,
ESTAT:TEN00126(1.0),19/01/22 11:00:00,A,FC_TRA_E,G3000,KTOE,AL,2017,0.000,
ESTAT:TEN00126(1.0),19/01/22 11:00:00,A,FC_TRA_E,G3000,KTOE,AL,2018,0.000,
ESTAT:TEN00126(1.0),19/01/22 11:00:00,A,FC_TRA_E,G3000,KTOE,AL,2019,0.000,
ESTAT:TEN00126(1.0),19/01/22 11:00:00,A,FC_TRA_E,G3000,KTOE,AL,2020,0.000,
ESTAT:TEN00126(1.0),19/01/22 11:00:00,A,FC_TRA_E,G3000,KTOE,AT,2009,195.713,
ESTAT:TEN00126(1.0),19/01/22 11:00:00,A,FC_TRA_E,G3000,KTOE,AT,2010,208.666,
ESTAT:TEN00126(1.0),19/01/22 11:00:00,A,FC_TRA_E,G3000,KTOE,AT,2011,256.654,
ESTAT:TEN00126(1.0),19/01/22 11:00:00,A,FC_TRA_E,G3000,KTOE,AT,2012,210.180,
ESTAT:TEN00126(1.0),19/01/22 11:00:00,A,FC_TRA_E,G3000,KTOE,AT,2013,277.122,
ESTAT:TEN00126(1.0),19/01/22 11:00:00,A,FC_TRA_E,G3000,KTOE,AT,2014,234.401,
ESTAT:TEN00126(1.0),19/01/22 11:00:00,A,FC_TRA_E,G3000,KTOE,AT,2015,269.755,
ESTAT:TEN00126(1.0),19/01/22 11:00:00,A,FC_TRA_E,G3000,KTOE,AT,2016,259.278,
ESTAT:TEN00126(1.0),19/01/22 11:00:00,A,FC_TRA_E,G3000,KTOE,AT,2017,290.605,
ESTAT:TEN00126(1.0),19/01/22 11:00:00,A,FC_TRA_E,G3000,KTOE,AT,2018,269.921,
ESTAT:TEN00126(1.0),19/01/22 11:00:00,A,FC_TRA_E,G3000,KTOE,AT,2019,251.076,
ESTAT:TEN00126(1.0),19/01/22 11:00:00,A,FC_TRA_E,G3000,KTOE,AT,2020,222.161,
ESTAT:TEN00126(1.0),19/01/22 11:00:00,A,FC_TRA_E,G3000,KTOE,BA,2014,0.000,
ESTAT:TEN00126(1.0),19/01/22 11:00:00,A,FC_TRA_E,G3000,KTOE,BA,2015,0.000,
ESTAT:TEN00126(1.0),19/01/22 11:00:00,A,FC_TRA_E,G3000,KTOE,BA,2016,0.086,
ESTAT:TEN00126(1.0),19/01/22 11:00:00,A,FC_TRA_E,G3000,KTOE,BA,2017,1.094,
ESTAT:TEN00126(1.0),19/01/22 11:00:00,A,FC_TRA_E,G3000,KTOE,BA,2018,2.042,
ESTAT:TEN00126(1.0),19/01/22 11:00:00,A,FC_TRA_E,G3000,KTOE,BA,2019,2.300,
ESTAT:TEN00126(1.0),19/01/22 11:00:00,A,FC_TRA_E,G3000,KTOE,BE,2009,49.940,
ESTAT:TEN00126(1.0),19/01/22 11:00:00,A,FC_TRA_E,G3000,KTOE,BE,2010,52.073,
ESTAT:TEN00126(1.0),19/01/22 11:00:00,A,FC_TRA_E,G3000,KTOE,BE,2011,47.415,
ESTAT:TEN00126(1.0),19/01/22 11:00:00,A,FC_TRA_E,G3000,KTOE,BE,2012,45.322,
ESTAT:TEN00126(1.0),19/01/22 11:00:00,A,FC_TRA_E,G3000,KTOE,BE,2013,45.256,
ESTAT:TEN00126(1.0),19/01/22 11:00:00,A,FC_TRA_E,G3000,KTOE,BE,2014,25.674,
ESTAT:TEN00126(1.0),19/01/22 11:00:00,A,FC_TRA_E,G3000,KTOE,BE,2015,34.491,
ESTAT:TEN00126(1.0),19/01/22 11:00:00,A,FC_TRA_E,G3000,KTOE,BE,2016,37.748,
ESTAT:TEN00126(1.0),19/01/22 11:00:00,A,FC_TRA_E,G3000,KTOE,BE,2017,35.764,
ESTAT:TEN00126(1.0),19/01/22 11:00:00,A,FC_TRA_E,G3000,KTOE,BE,2018,43.655,
ESTAT:TEN00126(1.0),19/01/22 11:00:00,A,FC_TRA_E,G3000,KTOE,BE,2019,55.880,
ESTAT:TEN00126(1.0),19/01/22 11:00:00,A,FC_TRA_E,G3000,KTOE,BE,2020,66.487,
ESTAT:TEN00126(1.0),19/01/22 11:00:00,A,FC_TRA_E,G3000,KTOE,BG,2009,188.735,
ESTAT:TEN00126(1.0),19/01/22 11:00:00,A,FC_TRA_E,G3000,KTOE,BG,2010,206.752,
ESTAT:TEN00126(1.0),19/01/22 11:00:00,A,FC_TRA_E,G3000,KTOE,BG,2011,264.423,
ESTAT:TEN00126(1.0),19/01/22 11:00:00,A,FC_TRA_E,G3000,KTOE,BG,2012,268.272,
ESTAT:TEN00126(1.0),19/01/22 11:00:00,A,FC_TRA_E,G3000,KTOE,BG,2013,252.582,
ESTAT:TEN00126(1.0),19/01/22 11:00:00,A,FC_TRA_E,G3000,KTOE,BG,2014,246.543,
ESTAT:TEN00126(1.0),19/01/22 11:00:00,A,FC_TRA_E,G3000,KTOE,BG,2015,224.444,
ESTAT:TEN00126(1.0),19/01/22 11:00:00,A,FC_TRA_E,G3000,KTOE,BG,2016,217.712,
ESTAT:TEN00126(1.0),19/01/22 11:00:00,A,FC_TRA_E,G3000,KTOE,BG,2017,245.976,
ESTAT:TEN00126(1.0),19/01/22 11:00:00,A,FC_TRA_E,G3000,KTOE,BG,2018,215.783,
ESTAT:TEN00126(1.0),19/01/22 11:00:00,A,FC_TRA_E,G3000,KTOE,BG,2019,141.485,
ESTAT:TEN00126(1.0),19/01/22 11:00:00,A,FC_TRA_E,G3000,KTOE,BG,2020,121.488,
ESTAT:TEN00126(1.0),19/01/22 11:00:00,A,FC_TRA_E,G3000,KTOE,CY,2009,0.000,
ESTAT:TEN00126(1.0),19/01/22 11:00:00,A,FC_TRA_E,G3000,KTOE,CY,2010,0.000,
ESTAT:TEN00126(1.0),19/01/22 11:00:00,A,FC_TRA_E,G3000,KTOE,CY,2011,0.000,
ESTAT:TEN00126(1.0),19/01/22 11:00:00,A,FC_TRA_E,G3000,KTOE,CY,2012,0.000,
ESTAT:TEN00126(1.0),19/01/22 11:00:00,A,FC_TRA_E,G3000,KTOE,CY,2013,0.000,
ESTAT:TEN00126(1.0),19/01/22 11:00:00,A,FC_TRA_E,G3000,KTOE,CY,2014,0.000,
ESTAT:TEN00126(1.0),19/01/22 11:00:00,A,FC_TRA_E,G3000,KTOE,CY,2015,0.000,
ESTAT:TEN00126(1.0),19/01/22 11:00:00,A,FC_TRA_E,G3000,KTOE,CY,2016,0.000,
ESTAT:TEN00126(1.0),19/01/22 11:00:00,A,FC_TRA_E,G3000,KTOE,CY,2017,0.000,
ESTAT:TEN00126(1.0),19/01/22 11:00:00,A,FC_TRA_E,G3000,KTOE,CY,2018,0.000,
ESTAT:TEN00126(1.0),19/01/22 11:00:00,A,FC_TRA_E,G3000,KTOE,CY,2019,0.000,
ESTAT:TEN00126(1.0),19/01/22 11:00:00,A,FC_TRA_E,G3000,KTOE,CY,2020,0.000,
ESTAT:TEN00126(1.0),19/01/22 11:00:00,A,FC_TRA_E,G3000,KTOE,CZ,2009,72.163,
ESTAT:TEN00126(1.0),19/01/22 11:00:00,A,FC_TRA_E,G3000,KTOE,CZ,2010,74.011,
ESTAT:TEN00126(1.0),19/01/22 11:00:00,A,FC_TRA_E,G3000,KTOE,CZ,2011,73.022,
ESTAT:TEN00126(1.0),19/01/22 11:00:00,A,FC_TRA_E,G3000,KTOE,CZ,2012,51.032,
ESTAT:TEN00126(1.0),19/01/22 11:00:00,A,FC_TRA_E,G3000,KTOE,CZ,2013,53.353,
ESTAT:TEN00126(1.0),19/01/22 11:00:00,A,FC_TRA_E,G3000,KTOE,CZ,2014,60.684,
ESTAT:TEN00126(1.0),19/01/22 11:00:00,A,FC_TRA_E,G3000,KTOE,CZ,2015,66.380,
ESTAT:TEN00126(1.0),19/01/22 11:00:00,A,FC_TRA_E,G3000,KTOE,CZ,2016,54.514,
ESTAT:TEN00126(1.0),19/01/22 11:00:00,A,FC_TRA_E,G3000,KTOE,CZ,2017,69.948,
ESTAT:TEN00126(1.0),19/01/22 11:00:00,A,FC_TRA_E,G3000,KTOE,CZ,2018,74.764,
ESTAT:TEN00126(1.0),19/01/22 11:00:00,A,FC_TRA_E,G3000,KTOE,CZ,2019,97.055,
ESTAT:TEN00126(1.0),19/01/22 11:00:00,A,FC_TRA_E,G3000,KTOE,CZ,2020,115.386,
ESTAT:TEN00126(1.0),19/01/22 11:00:00,A,FC_TRA_E,G3000,KTOE,DE,2009,469.567,
ESTAT:TEN00126(1.0),19/01/22 11:00:00,A,FC_TRA_E,G3000,KTOE,DE,2010,500.887,
ESTAT:TEN00126(1.0),19/01/22 11:00:00,A,FC_TRA_E,G3000,KTOE,DE,2011,483.511,
ESTAT:TEN00126(1.0),19/01/22 11:00:00,A,FC_TRA_E,G3000,KTOE,DE,2012,472.720,
ESTAT:TEN00126(1.0),19/01/22 11:00:00,A,FC_TRA_E,G3000,KTOE,DE,2013,453.316,
ESTAT:TEN00126(1.0),19/01/22 11:00:00,A,FC_TRA_E,G3000,KTOE,DE,2014,448.730,
ESTAT:TEN00126(1.0),19/01/22 11:00:00,A,FC_TRA_E,G3000,KTOE,DE,2015,426.569,
ESTAT:TEN00126(1.0),19/01/22 11:00:00,A,FC_TRA_E,G3000,KTOE,DE,2016,445.784,
ESTAT:TEN00126(1.0),19/01/22 11:00:00,A,FC_TRA_E,G3000,KTOE,DE,2017,456.981,
ESTAT:TEN00126(1.0),19/01/22 11:00:00,A,FC_TRA_E,G3000,KTOE,DE,2018,613.104,
ESTAT:TEN00126(1.0),19/01/22 11:00:00,A,FC_TRA_E,G3000,KTOE,DE,2019,783.260,
ESTAT:TEN00126(1.0),19/01/22 11:00:00,A,FC_TRA_E,G3000,KTOE,DE,2020,473.002,
ESTAT:TEN00126(1.0),19/01/22 11:00:00,A,FC_TRA_E,G3000,KTOE,DK,2009,0.000,
ESTAT:TEN00126(1.0),19/01/22 11:00:00,A,FC_TRA_E,G3000,KTOE,DK,2010,0.000,
ESTAT:TEN00126(1.0),19/01/22 11:00:00,A,FC_TRA_E,G3000,KTOE,DK,2011,0.000,
ESTAT:TEN00126(1.0),19/01/22 11:00:00,A,FC_TRA_E,G3000,KTOE,DK,2012,0.000,
ESTAT:TEN00126(1.0),19/01/22 11:00:00,A,FC_TRA_E,G3000,KTOE,DK,2013,0.000,
ESTAT:TEN00126(1.0),19/01/22 11:00:00,A,FC_TRA_E,G3000,KTOE,DK,2014,0.000,
ESTAT:TEN00126(1.0),19/01/22 11:00:00,A,FC_TRA_E,G3000,KTOE,DK,2015,37.650,
ESTAT:TEN00126(1.0),19/01/22 11:00:00,A,FC_TRA_E,G3000,KTOE,DK,2016,39.068,
ESTAT:TEN00126(1.0),19/01/22 11:00:00,A,FC_TRA_E,G3000,KTOE,DK,2017,42.545,
ESTAT:TEN00126(1.0),19/01/22 11:00:00,A,FC_TRA_E,G3000,KTOE,DK,2018,9.514,
ESTAT:TEN00126(1.0),19/01/22 11:00:00,A,FC_TRA_E,G3000,KTOE,DK,2019,10.607,
ESTAT:TEN00126(1.0),19/01/22 11:00:00,A,FC_TRA_E,G3000,KTOE,DK,2020,11.034,
ESTAT:TEN00126(1.0),19/01/22 11:00:00,A,FC_TRA_E,G3000,KTOE,EA19,2009,1924.805,
ESTAT:TEN00126(1.0),19/01/22 11:00:00,A,FC_TRA_E,G3000,KTOE,EA19,2010,2073.440,
ESTAT:TEN00126(1.0),19/01/22 11:00:00,A,FC_TRA_E,G3000,KTOE,EA19,2011,2356.989,
ESTAT:TEN00126(1.0),19/01/22 11:00:00,A,FC_TRA_E,G3000,KTOE,EA19,2012,2123.104,
ESTAT:TEN00126(1.0),19/01/22 11:00:00,A,FC_TRA_E,G3000,KTOE,EA19,2013,2341.814,
ESTAT:TEN00126(1.0),19/01/22 11:00:00,A,FC_TRA_E,G3000,KTOE,EA19,2014,2214.007,
ESTAT:TEN00126(1.0),19/01/22 11:00:00,A,FC_TRA_E,G3000,KTOE,EA19,2015,2276.908,
ESTAT:TEN00126(1.0),19/01/22 11:00:00,A,FC_TRA_E,G3000,KTOE,EA19,2016,2415.395,
ESTAT:TEN00126(1.0),19/01/22 11:00:00,A,FC_TRA_E,G3000,KTOE,EA19,2017,2469.141,
ESTAT:TEN00126(1.0),19/01/22 11:00:00,A,FC_TRA_E,G3000,KTOE,EA19,2018,2693.996,
ESTAT:TEN00126(1.0),19/01/22 11:00:00,A,FC_TRA_E,G3000,KTOE,EA19,2019,3005.727,
ESTAT:TEN00126(1.0),19/01/22 11:00:00,A,FC_TRA_E,G3000,KTOE,EA19,2020,2491.271,
ESTAT:TEN00126(1.0),19/01/22 11:00:00,A,FC_TRA_E,G3000,KTOE,EE,2009,0.000,
ESTAT:TEN00126(1.0),19/01/22 11:00:00,A,FC_TRA_E,G3000,KTOE,EE,2010,0.043,
ESTAT:TEN00126(1.0),19/01/22 11:00:00,A,FC_TRA_E,G3000,KTOE,EE,2011,0.258,
ESTAT:TEN00126(1.0),19/01/22 11:00:00,A,FC_TRA_E,G3000,KTOE,EE,2012,0.537,
ESTAT:TEN00126(1.0),19/01/22 11:00:00,A,FC_TRA_E,G3000,KTOE,EE,2013,0.860,
ESTAT:TEN00126(1.0),19/01/22 11:00:00,A,FC_TRA_E,G3000,KTOE,EE,2014,1.569,
ESTAT:TEN00126(1.0),19/01/22 11:00:00,A,FC_TRA_E,G3000,KTOE,EE,2015,2.773,
ESTAT:TEN00126(1.0),19/01/22 11:00:00,A,FC_TRA_E,G3000,KTOE,EE,2016,4.127,
ESTAT:TEN00126(1.0),19/01/22 11:00:00,A,FC_TRA_E,G3000,KTOE,EE,2017,4.552,
ESTAT:TEN00126(1.0),19/01/22 11:00:00,A,FC_TRA_E,G3000,KTOE,EE,2018,7.113,
ESTAT:TEN00126(1.0),19/01/22 11:00:00,A,FC_TRA_E,G3000,KTOE,EE,2019,6.406,
ESTAT:TEN00126(1.0),19/01/22 11:00:00,A,FC_TRA_E,G3000,KTOE,EE,2020,15.533,
ESTAT:TEN00126(1.0),19/01/22 11:00:00,A,FC_TRA_E,G3000,KTOE,EL,2009,15.069,
ESTAT:TEN00126(1.0),19/01/22 11:00:00,A,FC_TRA_E,G3000,KTOE,EL,2010,14.467,
ESTAT:TEN00126(1.0),19/01/22 11:00:00,A,FC_TRA_E,G3000,KTOE,EL,2011,14.940,
ESTAT:TEN00126(1.0),19/01/22 11:00:00,A,FC_TRA_E,G3000,KTOE,EL,2012,14.725,
ESTAT:TEN00126(1.0),19/01/22 11:00:00,A,FC_TRA_E,G3000,KTOE,EL,2013,13.414,
ESTAT:TEN00126(1.0),19/01/22 11:00:00,A,FC_TRA_E,G3000,KTOE,EL,2014,13.758,
ESTAT:TEN00126(1.0),19/01/22 11:00:00,A,FC_TRA_E,G3000,KTOE,EL,2015,15.112,
ESTAT:TEN00126(1.0),19/01/22 11:00:00,A,FC_TRA_E,G3000,KTOE,EL,2016,18.960,
ESTAT:TEN00126(1.0),19/01/22 11:00:00,A,FC_TRA_E,G3000,KTOE,EL,2017,12.790,
ESTAT:TEN00126(1.0),19/01/22 11:00:00,A,FC_TRA_E,G3000,KTOE,EL,2018,15.191,
ESTAT:TEN00126(1.0),19/01/22 11:00:00,A,FC_TRA_E,G3000,KTOE,EL,2019,17.891,
ESTAT:TEN00126(1.0),19/01/22 11:00:00,A,FC_TRA_E,G3000,KTOE,EL,2020,18.126,
ESTAT:TEN00126(1.0),19/01/22 11:00:00,A,FC_TRA_E,G3000,KTOE,ES,2009,90.004,
ESTAT:TEN00126(1.0),19/01/22 11:00:00,A,FC_TRA_E,G3000,KTOE,ES,2010,109.823,
ESTAT:TEN00126(1.0),19/01/22 11:00:00,A,FC_TRA_E,G3000,KTOE,ES,2011,110.340,
ESTAT:TEN00126(1.0),19/01/22 11:00:00,A,FC_TRA_E,G3000,KTOE,ES,2012,110.319,
ESTAT:TEN00126(1.0),19/01/22 11:00:00,A,FC_TRA_E,G3000,KTOE,ES,2013,123.840,
ESTAT:TEN00126(1.0),19/01/22 11:00:00,A,FC_TRA_E,G3000,KTOE,ES,2014,125.647,
ESTAT:TEN00126(1.0),19/01/22 11:00:00,A,FC_TRA_E,G3000,KTOE,ES,2015,120.078,
ESTAT:TEN00126(1.0),19/01/22 11:00:00,A,FC_TRA_E,G3000,KTOE,ES,2016,142.177,
ESTAT:TEN00126(1.0),19/01/22 11:00:00,A,FC_TRA_E,G3000,KTOE,ES,2017,163.888,
ESTAT:TEN00126(1.0),19/01/22 11:00:00,A,FC_TRA_E,G3000,KTOE,ES,2018,203.117,
ESTAT:TEN00126(1.0),19/01/22 11:00:00,A,FC_TRA_E,G3000,KTOE,ES,2019,249.054,
ESTAT:TEN00126(1.0),19/01/22 11:00:00,A,FC_TRA_E,G3000,KTOE,ES,2020,313.133,
ESTAT:TEN00126(1.0),19/01/22 11:00:00,A,FC_TRA_E,G3000,KTOE,EU27_2020,2009,2527.555,
ESTAT:TEN00126(1.0),19/01/22 11:00:00,A,FC_TRA_E,G3000,KTOE,EU27_2020,2010,2648.206,
ESTAT:TEN00126(1.0),19/01/22 11:00:00,A,FC_TRA_E,G3000,KTOE,EU27_2020,2011,3019.993,
ESTAT:TEN00126(1.0),19/01/22 11:00:00,A,FC_TRA_E,G3000,KTOE,EU27_2020,2012,2821.621,
ESTAT:TEN00126(1.0),19/01/22 11:00:00,A,FC_TRA_E,G3000,KTOE,EU27_2020,2013,3106.412,
ESTAT:TEN00126(1.0),19/01/22 11:00:00,A,FC_TRA_E,G3000,KTOE,EU27_2020,2014,2979.918,
ESTAT:TEN00126(1.0),19/01/22 11:00:00,A,FC_TRA_E,G3000,KTOE,EU27_2020,2015,3036.616,
ESTAT:TEN00126(1.0),19/01/22 11:00:00,A,FC_TRA_E,G3000,KTOE,EU27_2020,2016,3198.655,
ESTAT:TEN00126(1.0),19/01/22 11:00:00,A,FC_TRA_E,G3000,KTOE,EU27_2020,2017,3293.902,
ESTAT:TEN00126(1.0),19/01/22 11:00:00,A,FC_TRA_E,G3000,KTOE,EU27_2020,2018,3510.095,
ESTAT:TEN00126(1.0),19/01/22 11:00:00,A,FC_TRA_E,G3000,KTOE,EU27_2020,2019,3738.669,
ESTAT:TEN00126(1.0),19/01/22 11:00:00,A,FC_TRA_E,G3000,KTOE,EU27_2020,2020,3162.230,
ESTAT:TEN00126(1.0),19/01/22 11:00:00,A,FC_TRA_E,G3000,KTOE,FI,2009,14.617,
ESTAT:TEN00126(1.0),19/01/22 11:00:00,A,FC_TRA_E,G3000,KTOE,FI,2010,14.617,
ESTAT:TEN00126(1.0),19/01/22 11:00:00,A,FC_TRA_E,G3000,KTOE,FI,2011,11.178,
ESTAT:TEN00126(1.0),19/01/22 11:00:00,A,FC_TRA_E,G3000,KTOE,FI,2012,13.113,
ESTAT:TEN00126(1.0),19/01/22 11:00:00,A,FC_TRA_E,G3000,KTOE,FI,2013,9.286,
ESTAT:TEN00126(1.0),19/01/22 11:00:00,A,FC_TRA_E,G3000,KTOE,FI,2014,9.652,
ESTAT:TEN00126(1.0),19/01/22 11:00:00,A,FC_TRA_E,G3000,KTOE,FI,2015,6.728,
ESTAT:TEN00126(1.0),19/01/22 11:00:00,A,FC_TRA_E,G3000,KTOE,FI,2016,8.491,
ESTAT:TEN00126(1.0),19/01/22 11:00:00,A,FC_TRA_E,G3000,KTOE,FI,2017,8.131,
ESTAT:TEN00126(1.0),19/01/22 11:00:00,A,FC_TRA_E,G3000,KTOE,FI,2018,12.512,
ESTAT:TEN00126(1.0),19/01/22 11:00:00,A,FC_TRA_E,G3000,KTOE,FI,2019,17.973,
ESTAT:TEN00126(1.0),19/01/22 11:00:00,A,FC_TRA_E,G3000,KTOE,FI,2020,18.510,
ESTAT:TEN00126(1.0),19/01/22 11:00:00,A,FC_TRA_E,G3000,KTOE,FR,2009,29.858,
ESTAT:TEN00126(1.0),19/01/22 11:00:00,A,FC_TRA_E,G3000,KTOE,FR,2010,32.395,
ESTAT:TEN00126(1.0),19/01/22 11:00:00,A,FC_TRA_E,G3000,KTOE,FR,2011,88.978,
ESTAT:TEN00126(1.0),19/01/22 11:00:00,A,FC_TRA_E,G3000,KTOE,FR,2012,97.093,
ESTAT:TEN00126(1.0),19/01/22 11:00:00,A,FC_TRA_E,G3000,KTOE,FR,2013,106.683,
ESTAT:TEN00126(1.0),19/01/22 11:00:00,A,FC_TRA_E,G3000,KTOE,FR,2014,114.247,
ESTAT:TEN00126(1.0),19/01/22 11:00:00,A,FC_TRA_E,G3000,KTOE,FR,2015,117.279,
ESTAT:TEN00126(1.0),19/01/22 11:00:00,A,FC_TRA_E,G3000,KTOE,FR,2016,122.149,
ESTAT:TEN00126(1.0),19/01/22 11:00:00,A,FC_TRA_E,G3000,KTOE,FR,2017,146.336,
ESTAT:TEN00126(1.0),19/01/22 11:00:00,A,FC_TRA_E,G3000,KTOE,FR,2018,171.118,
ESTAT:TEN00126(1.0),19/01/22 11:00:00,A,FC_TRA_E,G3000,KTOE,FR,2019,162.879,
ESTAT:TEN00126(1.0),19/01/22 11:00:00,A,FC_TRA_E,G3000,KTOE,FR,2020,193.269,
ESTAT:TEN00126(1.0),19/01/22 11:00:00,A,FC_TRA_E,G3000,KTOE,GE,2013,288.485,
ESTAT:TEN00126(1.0),19/01/22 11:00:00,A,FC_TRA_E,G3000,KTOE,GE,2014,377.907,
ESTAT:TEN00126(1.0),19/01/22 11:00:00,A,FC_TRA_E,G3000,KTOE,GE,2015,381.744,
ESTAT:TEN00126(1.0),19/01/22 11:00:00,A,FC_TRA_E,G3000,KTOE,GE,2016,307.509,
ESTAT:TEN00126(1.0),19/01/22 11:00:00,A,FC_TRA_E,G3000,KTOE,GE,2017,292.687,
ESTAT:TEN00126(1.0),19/01/22 11:00:00,A,FC_TRA_E,G3000,KTOE,GE,2018,297.330,
ESTAT:TEN00126(1.0),19/01/22 11:00:00,A,FC_TRA_E,G3000,KTOE,GE,2019,287.942,
ESTAT:TEN00126(1.0),19/01/22 11:00:00,A,FC_TRA_E,G3000,KTOE,GE,2020,261.897,
ESTAT:TEN00126(1.0),19/01/22 11:00:00,A,FC_TRA_E,G3000,KTOE,HR,2009,1.139,
ESTAT:TEN00126(1.0),19/01/22 11:00:00,A,FC_TRA_E,G3000,KTOE,HR,2010,2.107,
ESTAT:TEN00126(1.0),19/01/22 11:00:00,A,FC_TRA_E,G3000,KTOE,HR,2011,0.645,
ESTAT:TEN00126(1.0),19/01/22 11:00:00,A,FC_TRA_E,G3000,KTOE,HR,2012,0.817,
ESTAT:TEN00126(1.0),19/01/22 11:00:00,A,FC_TRA_E,G3000,KTOE,HR,2013,1.548,
ESTAT:TEN00126(1.0),19/01/22 11:00:00,A,FC_TRA_E,G3000,KTOE,HR,2014,3.224,
ESTAT:TEN00126(1.0),19/01/22 11:00:00,A,FC_TRA_E,G3000,KTOE,HR,2015,3.310,
ESTAT:TEN00126(1.0),19/01/22 11:00:00,A,FC_TRA_E,G3000,KTOE,HR,2016,3.654,
ESTAT:TEN00126(1.0),19/01/22 11:00:00,A,FC_TRA_E,G3000,KTOE,HR,2017,4.227,
ESTAT:TEN00126(1.0),19/01/22 11:00:00,A,FC_TRA_E,G3000,KTOE,HR,2018,4.220,
ESTAT:TEN00126(1.0),19/01/22 11:00:00,A,FC_TRA_E,G3000,KTOE,HR,2019,3.971,
ESTAT:TEN00126(1.0),19/01/22 11:00:00,A,FC_TRA_E,G3000,KTOE,HR,2020,3.073,
ESTAT:TEN00126(1.0),19/01/22 11:00:00,A,FC_TRA_E,G3000,KTOE,HU,2009,1.397,
ESTAT:TEN00126(1.0),19/01/22 11:00:00,A,FC_TRA_E,G3000,KTOE,HU,2010,28.396,
ESTAT:TEN00126(1.0),19/01/22 11:00:00,A,FC_TRA_E,G3000,KTOE,HU,2011,50.688,
ESTAT:TEN00126(1.0),19/01/22 11:00:00,A,FC_TRA_E,G3000,KTOE,HU,2012,57.803,
ESTAT:TEN00126(1.0),19/01/22 11:00:00,A,FC_TRA_E,G3000,KTOE,HU,2013,33.298,
ESTAT:TEN00126(1.0),19/01/22 11:00:00,A,FC_TRA_E,G3000,KTOE,HU,2014,39.768,
ESTAT:TEN00126(1.0),19/01/22 11:00:00,A,FC_TRA_E,G3000,KTOE,HU,2015,32.911,
ESTAT:TEN00126(1.0),19/01/22 11:00:00,A,FC_TRA_E,G3000,KTOE,HU,2016,48.278,
ESTAT:TEN00126(1.0),19/01/22 11:00:00,A,FC_TRA_E,G3000,KTOE,HU,2017,66.036,
ESTAT:TEN00126(1.0),19/01/22 11:00:00,A,FC_TRA_E,G3000,KTOE,HU,2018,78.289,
ESTAT:TEN00126(1.0),19/01/22 11:00:00,A,FC_TRA_E,G3000,KTOE,HU,2019,82.932,
ESTAT:TEN00126(1.0),19/01/22 11:00:00,A,FC_TRA_E,G3000,KTOE,HU,2020,61.307,
ESTAT:TEN00126(1.0),19/01/22 11:00:00,A,FC_TRA_E,G3000,KTOE,IE,2009,1.288,
ESTAT:TEN00126(1.0),19/01/22 11:00:00,A,FC_TRA_E,G3000,KTOE,IE,2010,2.098,
ESTAT:TEN00126(1.0),19/01/22 11:00:00,A,FC_TRA_E,G3000,KTOE,IE,2011,3.624,
ESTAT:TEN00126(1.0),19/01/22 11:00:00,A,FC_TRA_E,G3000,KTOE,IE,2012,4.129,
ESTAT:TEN00126(1.0),19/01/22 11:00:00,A,FC_TRA_E,G3000,KTOE,IE,2013,3.439,
ESTAT:TEN00126(1.0),19/01/22 11:00:00,A,FC_TRA_E,G3000,KTOE,IE,2014,2.818,
ESTAT:TEN00126(1.0),19/01/22 11:00:00,A,FC_TRA_E,G3000,KTOE,IE,2015,3.903,
ESTAT:TEN00126(1.0),19/01/22 11:00:00,A,FC_TRA_E,G3000,KTOE,IE,2016,21.226,
ESTAT:TEN00126(1.0),19/01/22 11:00:00,A,FC_TRA_E,G3000,KTOE,IE,2017,20.170,
ESTAT:TEN00126(1.0),19/01/22 11:00:00,A,FC_TRA_E,G3000,KTOE,IE,2018,22.481,
ESTAT:TEN00126(1.0),19/01/22 11:00:00,A,FC_TRA_E,G3000,KTOE,IE,2019,16.977,
ESTAT:TEN00126(1.0),19/01/22 11:00:00,A,FC_TRA_E,G3000,KTOE,IE,2020,15.142,
ESTAT:TEN00126(1.0),19/01/22 11:00:00,A,FC_TRA_E,G3000,KTOE,IS,2009,0.000,
ESTAT:TEN00126(1.0),19/01/22 11:00:00,A,FC_TRA_E,G3000,KTOE,IS,2010,0.000,
ESTAT:TEN00126(1.0),19/01/22 11:00:00,A,FC_TRA_E,G3000,KTOE,IS,2011,0.000,
ESTAT:TEN00126(1.0),19/01/22 11:00:00,A,FC_TRA_E,G3000,KTOE,IS,2012,0.000,
ESTAT:TEN00126(1.0),19/01/22 11:00:00,A,FC_TRA_E,G3000,KTOE,IS,2013,0.000,
ESTAT:TEN00126(1.0),19/01/22 11:00:00,A,FC_TRA_E,G3000,KTOE,IS,2014,0.000,
ESTAT:TEN00126(1.0),19/01/22 11:00:00,A,FC_TRA_E,G3000,KTOE,IS,2015,0.000,
ESTAT:TEN00126(1.0),19/01/22 11:00:00,A,FC_TRA_E,G3000,KTOE,IS,2016,0.000,
ESTAT:TEN00126(1.0),19/01/22 11:00:00,A,FC_TRA_E,G3000,KTOE,IS,2017,0.000,
ESTAT:TEN00126(1.0),19/01/22 11:00:00,A,FC_TRA_E,G3000,KTOE,IS,2018,0.000,
ESTAT:TEN00126(1.0),19/01/22 11:00:00,A,FC_TRA_E,G3000,KTOE,IS,2019,0.000,
ESTAT:TEN00126(1.0),19/01/22 11:00:00,A,FC_TRA_E,G3000,KTOE,IS,2020,0.000,
ESTAT:TEN00126(1.0),19/01/22 11:00:00,A,FC_TRA_E,G3000,KTOE,IT,2009,601.096,
ESTAT:TEN00126(1.0),19/01/22 11:00:00,A,FC_TRA_E,G3000,KTOE,IT,2010,695.292,
ESTAT:TEN00126(1.0),19/01/22 11:00:00,A,FC_TRA_E,G3000,KTOE,IT,2011,852.408,
ESTAT:TEN00126(1.0),19/01/22 11:00:00,A,FC_TRA_E,G3000,KTOE,IT,2012,885.770,
ESTAT:TEN00126(1.0),19/01/22 11:00:00,A,FC_TRA_E,G3000,KTOE,IT,2013,1030.890,
ESTAT:TEN00126(1.0),19/01/22 11:00:00,A,FC_TRA_E,G3000,KTOE,IT,2014,1072.077,
ESTAT:TEN00126(1.0),19/01/22 11:00:00,A,FC_TRA_E,G3000,KTOE,IT,2015,1087.425,
ESTAT:TEN00126(1.0),19/01/22 11:00:00,A,FC_TRA_E,G3000,KTOE,IT,2016,1105.718,
ESTAT:TEN00126(1.0),19/01/22 11:00:00,A,FC_TRA_E,G3000,KTOE,IT,2017,1064.109,
ESTAT:TEN00126(1.0),19/01/22 11:00:00,A,FC_TRA_E,G3000,KTOE,IT,2018,1093.114,
ESTAT:TEN00126(1.0),19/01/22 11:00:00,A,FC_TRA_E,G3000,KTOE,IT,2019,1147.309,
ESTAT:TEN00126(1.0),19/01/22 11:00:00,A,FC_TRA_E,G3000,KTOE,IT,2020,967.168,
ESTAT:TEN00126(1.0),19/01/22 11:00:00,A,FC_TRA_E,G3000,KTOE,LT,2009,24.226,
ESTAT:TEN00126(1.0),19/01/22 11:00:00,A,FC_TRA_E,G3000,KTOE,LT,2010,24.807,
ESTAT:TEN00126(1.0),19/01/22 11:00:00,A,FC_TRA_E,G3000,KTOE,LT,2011,20.808,
ESTAT:TEN00126(1.0),19/01/22 11:00:00,A,FC_TRA_E,G3000,KTOE,LT,2012,31.750,
ESTAT:TEN00126(1.0),19/01/22 11:00:00,A,FC_TRA_E,G3000,KTOE,LT,2013,29.600,
ESTAT:TEN00126(1.0),19/01/22 11:00:00,A,FC_TRA_E,G3000,KTOE,LT,2014,29.600,
ESTAT:TEN00126(1.0),19/01/22 11:00:00,A,FC_TRA_E,G3000,KTOE,LT,2015,29.858,
ESTAT:TEN00126(1.0),19/01/22 11:00:00,A,FC_TRA_E,G3000,KTOE,LT,2016,31.126,
ESTAT:TEN00126(1.0),19/01/22 11:00:00,A,FC_TRA_E,G3000,KTOE,LT,2017,33.728,
ESTAT:TEN00126(1.0),19/01/22 11:00:00,A,FC_TRA_E,G3000,KTOE,LT,2018,27.042,
ESTAT:TEN00126(1.0),19/01/22 11:00:00,A,FC_TRA_E,G3000,KTOE,LT,2019,26.419,
ESTAT:TEN00126(1.0),19/01/22 11:00:00,A,FC_TRA_E,G3000,KTOE,LT,2020,28.611,
ESTAT:TEN00126(1.0),19/01/22 11:00:00,A,FC_TRA_E,G3000,KTOE,LU,2009,0.000,
ESTAT:TEN00126(1.0),19/01/22 11:00:00,A,FC_TRA_E,G3000,KTOE,LU,2010,0.000,
ESTAT:TEN00126(1.0),19/01/22 11:00:00,A,FC_TRA_E,G3000,KTOE,LU,2011,0.000,
ESTAT:TEN00126(1.0),19/01/22 11:00:00,A,FC_TRA_E,G3000,KTOE,LU,2012,0.000,
ESTAT:TEN00126(1.0),19/01/22 11:00:00,A,FC_TRA_E,G3000,KTOE,LU,2013,0.000,
ESTAT:TEN00126(1.0),19/01/22 11:00:00,A,FC_TRA_E,G3000,KTOE,LU,2014,0.000,
ESTAT:TEN00126(1.0),19/01/22 11:00:00,A,FC_TRA_E,G3000,KTOE,LU,2015,0.000,
ESTAT:TEN00126(1.0),19/01/22 11:00:00,A,FC_TRA_E,G3000,KTOE,LU,2016,0.000,
ESTAT:TEN00126(1.0),19/01/22 11:00:00,A,FC_TRA_E,G3000,KTOE,LU,2017,0.000,
ESTAT:TEN00126(1.0),19/01/22 11:00:00,A,FC_TRA_E,G3000,KTOE,LU,2018,0.000,
ESTAT:TEN00126(1.0),19/01/22 11:00:00,A,FC_TRA_E,G3000,KTOE,LU,2019,0.000,
ESTAT:TEN00126(1.0),19/01/22 11:00:00,A,FC_TRA_E,G3000,KTOE,LU,2020,0.000,
ESTAT:TEN00126(1.0),19/01/22 11:00:00,A,FC_TRA_E,G3000,KTOE,LV,2009,0.086,
ESTAT:TEN00126(1.0),19/01/22 11:00:00,A,FC_TRA_E,G3000,KTOE,LV,2010,0.000,
ESTAT:TEN00126(1.0),19/01/22 11:00:00,A,FC_TRA_E,G3000,KTOE,LV,2011,0.000,
ESTAT:TEN00126(1.0),19/01/22 11:00:00,A,FC_TRA_E,G3000,KTOE,LV,2012,0.000,
ESTAT:TEN00126(1.0),19/01/22 11:00:00,A,FC_TRA_E,G3000,KTOE,LV,2013,0.000,
ESTAT:TEN00126(1.0),19/01/22 11:00:00,A,FC_TRA_E,G3000,KTOE,LV,2014,0.000,
ESTAT:TEN00126(1.0),19/01/22 11:00:00,A,FC_TRA_E,G3000,KTOE,LV,2015,0.000,
ESTAT:TEN00126(1.0),19/01/22 11:00:00,A,FC_TRA_E,G3000,KTOE,LV,2016,0.000,
ESTAT:TEN00126(1.0),19/01/22 11:00:00,A,FC_TRA_E,G3000,KTOE,LV,2017,0.000,
ESTAT:TEN00126(1.0),19/01/22 11:00:00,A,FC_TRA_E,G3000,KTOE,LV,2018,0.056,
ESTAT:TEN00126(1.0),19/01/22 11:00:00,A,FC_TRA_E,G3000,KTOE,LV,2019,0.185,
ESTAT:TEN00126(1.0),19/01/22 11:00:00,A,FC_TRA_E,G3000,KTOE,LV,2020,0.534,
ESTAT:TEN00126(1.0),19/01/22 11:00:00,A,FC_TRA_E,G3000,KTOE,MD,2010,6.857,
ESTAT:TEN00126(1.0),19/01/22 11:00:00,A,FC_TRA_E,G3000,KTOE,MD,2011,10.404,
ESTAT:TEN00126(1.0),19/01/22 11:00:00,A,FC_TRA_E,G3000,KTOE,MD,2012,9.480,
ESTAT:TEN00126(1.0),19/01/22 11:00:00,A,FC_TRA_E,G3000,KTOE,MD,2013,6.234,
ESTAT:TEN00126(1.0),19/01/22 11:00:00,A,FC_TRA_E,G3000,KTOE,MD,2014,7.567,
ESTAT:TEN00126(1.0),19/01/22 11:00:00,A,FC_TRA_E,G3000,KTOE,MD,2015,18.766,
ESTAT:TEN00126(1.0),19/01/22 11:00:00,A,FC_TRA_E,G3000,KTOE,MD,2016,22.936,
ESTAT:TEN00126(1.0),19/01/22 11:00:00,A,FC_TRA_E,G3000,KTOE,MD,2017,22.606,
ESTAT:TEN00126(1.0),19/01/22 11:00:00,A,FC_TRA_E,G3000,KTOE,MD,2018,22.313,
ESTAT:TEN00126(1.0),19/01/22 11:00:00,A,FC_TRA_E,G3000,KTOE,MD,2019,17.541,
ESTAT:TEN00126(1.0),19/01/22 11:00:00,A,FC_TRA_E,G3000,KTOE,MD,2020,9.888,
ESTAT:TEN00126(1.0),19/01/22 11:00:00,A,FC_TRA_E,G3000,KTOE,ME,2009,0.000,
ESTAT:TEN00126(1.0),19/01/22 11:00:00,A,FC_TRA_E,G3000,KTOE,ME,2010,0.000,
ESTAT:TEN00126(1.0),19/01/22 11:00:00,A,FC_TRA_E,G3000,KTOE,ME,2011,0.000,
ESTAT:TEN00126(1.0),19/01/22 11:00:00,A,FC_TRA_E,G3000,KTOE,ME,2012,0.000,
ESTAT:TEN00126(1.0),19/01/22 11:00:00,A,FC_TRA_E,G3000,KTOE,ME,2013,0.000,
ESTAT:TEN00126(1.0),19/01/22 11:00:00,A,FC_TRA_E,G3000,KTOE,ME,2014,0.000,
ESTAT:TEN00126(1.0),19/01/22 11:00:00,A,FC_TRA_E,G3000,KTOE,ME,2015,0.000,
ESTAT:TEN00126(1.0),19/01/22 11:00:00,A,FC_TRA_E,G3000,KTOE,ME,2016,0.000,
ESTAT:TEN00126(1.0),19/01/22 11:00:00,A,FC_TRA_E,G3000,KTOE,ME,2017,0.000,
ESTAT:TEN00126(1.0),19/01/22 11:00:00,A,FC_TRA_E,G3000,KTOE,ME,2018,0.000,
ESTAT:TEN00126(1.0),19/01/22 11:00:00,A,FC_TRA_E,G3000,KTOE,ME,2019,0.000,
ESTAT:TEN00126(1.0),19/01/22 11:00:00,A,FC_TRA_E,G3000,KTOE,ME,2020,0.000,
ESTAT:TEN00126(1.0),19/01/22 11:00:00,A,FC_TRA_E,G3000,KTOE,MK,2009,0.236,
ESTAT:TEN00126(1.0),19/01/22 11:00:00,A,FC_TRA_E,G3000,KTOE,MK,2010,0.193,
ESTAT:TEN00126(1.0),19/01/22 11:00:00,A,FC_TRA_E,G3000,KTOE,MK,2011,0.236,
ESTAT:TEN00126(1.0),19/01/22 11:00:00,A,FC_TRA_E,G3000,KTOE,MK,2012,0.107,
ESTAT:TEN00126(1.0),19/01/22 11:00:00,A,FC_TRA_E,G3000,KTOE,MK,2013,0.129,
ESTAT:TEN00126(1.0),19/01/22 11:00:00,A,FC_TRA_E,G3000,KTOE,MK,2014,0.150,
ESTAT:TEN00126(1.0),19/01/22 11:00:00,A,FC_TRA_E,G3000,KTOE,MK,2015,0.150,
ESTAT:TEN00126(1.0),19/01/22 11:00:00,A,FC_TRA_E,G3000,KTOE,MK,2016,0.150,
ESTAT:TEN00126(1.0),19/01/22 11:00:00,A,FC_TRA_E,G3000,KTOE,MK,2017,0.193,
ESTAT:TEN00126(1.0),19/01/22 11:00:00,A,FC_TRA_E,G3000,KTOE,MK,2018,0.709,
ESTAT:TEN00126(1.0),19/01/22 11:00:00,A,FC_TRA_E,G3000,KTOE,MK,2019,1.762,
ESTAT:TEN00126(1.0),19/01/22 11:00:00,A,FC_TRA_E,G3000,KTOE,MK,2020,1.985,
ESTAT:TEN00126(1.0),19/01/22 11:00:00,A,FC_TRA_E,G3000,KTOE,MT,2009,0.000,
ESTAT:TEN00126(1.0),19/01/22 11:00:00,A,FC_TRA_E,G3000,KTOE,MT,2010,0.000,
ESTAT:TEN00126(1.0),19/01/22 11:00:00,A,FC_TRA_E,G3000,KTOE,MT,2011,0.000,
ESTAT:TEN00126(1.0),19/01/22 11:00:00,A,FC_TRA_E,G3000,KTOE,MT,2012,0.000,
ESTAT:TEN00126(1.0),19/01/22 11:00:00,A,FC_TRA_E,G3000,KTOE,MT,2013,0.000,
ESTAT:TEN00126(1.0),19/01/22 11:00:00,A,FC_TRA_E,G3000,KTOE,MT,2014,0.000,
ESTAT:TEN00126(1.0),19/01/22 11:00:00,A,FC_TRA_E,G3000,KTOE,MT,2015,0.000,
ESTAT:TEN00126(1.0),19/01/22 11:00:00,A,FC_TRA_E,G3000,KTOE,MT,2016,0.000,
ESTAT:TEN00126(1.0),19/01/22 11:00:00,A,FC_TRA_E,G3000,KTOE,MT,2017,0.000,
ESTAT:TEN00126(1.0),19/01/22 11:00:00,A,FC_TRA_E,G3000,KTOE,MT,2018,0.000,
ESTAT:TEN00126(1.0),19/01/22 11:00:00,A,FC_TRA_E,G3000,KTOE,MT,2019,0.000,
ESTAT:TEN00126(1.0),19/01/22 11:00:00,A,FC_TRA_E,G3000,KTOE,MT,2020,0.000,
ESTAT:TEN00126(1.0),19/01/22 11:00:00,A,FC_TRA_E,G3000,KTOE,NL,2009,6.277,
ESTAT:TEN00126(1.0),19/01/22 11:00:00,A,FC_TRA_E,G3000,KTOE,NL,2010,9.265,
ESTAT:TEN00126(1.0),19/01/22 11:00:00,A,FC_TRA_E,G3000,KTOE,NL,2011,17.283,
ESTAT:TEN00126(1.0),19/01/22 11:00:00,A,FC_TRA_E,G3000,KTOE,NL,2012,23.710,
ESTAT:TEN00126(1.0),19/01/22 11:00:00,A,FC_TRA_E,G3000,KTOE,NL,2013,26.182,
ESTAT:TEN00126(1.0),19/01/22 11:00:00,A,FC_TRA_E,G3000,KTOE,NL,2014,30.460,
ESTAT:TEN00126(1.0),19/01/22 11:00:00,A,FC_TRA_E,G3000,KTOE,NL,2015,54.489,
ESTAT:TEN00126(1.0),19/01/22 11:00:00,A,FC_TRA_E,G3000,KTOE,NL,2016,60.249,
ESTAT:TEN00126(1.0),19/01/22 11:00:00,A,FC_TRA_E,G3000,KTOE,NL,2017,63.520,
ESTAT:TEN00126(1.0),19/01/22 11:00:00,A,FC_TRA_E,G3000,KTOE,NL,2018,63.037,
ESTAT:TEN00126(1.0),19/01/22 11:00:00,A,FC_TRA_E,G3000,KTOE,NL,2019,63.796,
ESTAT:TEN00126(1.0),19/01/22 11:00:00,A,FC_TRA_E,G3000,KTOE,NL,2020,57.951,
ESTAT:TEN00126(1.0),19/01/22 11:00:00,A,FC_TRA_E,G3000,KTOE,NO,2009,51.032,
ESTAT:TEN00126(1.0),19/01/22 11:00:00,A,FC_TRA_E,G3000,KTOE,NO,2010,54.453,
ESTAT:TEN00126(1.0),19/01/22 11:00:00,A,FC_TRA_E,G3000,KTOE,NO,2011,64.851,
ESTAT:TEN00126(1.0),19/01/22 11:00:00,A,FC_TRA_E,G3000,KTOE,NO,2012,88.282,
ESTAT:TEN00126(1.0),19/01/22 11:00:00,A,FC_TRA_E,G3000,KTOE,NO,2013,104.009,
ESTAT:TEN00126(1.0),19/01/22 11:00:00,A,FC_TRA_E,G3000,KTOE,NO,2014,119.618,
ESTAT:TEN00126(1.0),19/01/22 11:00:00,A,FC_TRA_E,G3000,KTOE,NO,2015,128.256,
ESTAT:TEN00126(1.0),19/01/22 11:00:00,A,FC_TRA_E,G3000,KTOE,NO,2016,118.247,
ESTAT:TEN00126(1.0),19/01/22 11:00:00,A,FC_TRA_E,G3000,KTOE,NO,2017,98.323,
ESTAT:TEN00126(1.0),19/01/22 11:00:00,A,FC_TRA_E,G3000,KTOE,NO,2018,121.021,
ESTAT:TEN00126(1.0),19/01/22 11:00:00,A,FC_TRA_E,G3000,KTOE,NO,2019,109.266,
ESTAT:TEN00126(1.0),19/01/22 11:00:00,A,FC_TRA_E,G3000,KTOE,NO,2020,98.662,
ESTAT:TEN00126(1.0),19/01/22 11:00:00,A,FC_TRA_E,G3000,KTOE,PL,2009,264.746,
ESTAT:TEN00126(1.0),19/01/22 11:00:00,A,FC_TRA_E,G3000,KTOE,PL,2010,221.389,
ESTAT:TEN00126(1.0),19/01/22 11:00:00,A,FC_TRA_E,G3000,KTOE,PL,2011,222.098,
ESTAT:TEN00126(1.0),19/01/22 11:00:00,A,FC_TRA_E,G3000,KTOE,PL,2012,258.104,
ESTAT:TEN00126(1.0),19/01/22 11:00:00,A,FC_TRA_E,G3000,KTOE,PL,2013,368.336,
ESTAT:TEN00126(1.0),19/01/22 11:00:00,A,FC_TRA_E,G3000,KTOE,PL,2014,361.694,
ESTAT:TEN00126(1.0),19/01/22 11:00:00,A,FC_TRA_E,G3000,KTOE,PL,2015,359.394,
ESTAT:TEN00126(1.0),19/01/22 11:00:00,A,FC_TRA_E,G3000,KTOE,PL,2016,382.653,
ESTAT:TEN00126(1.0),19/01/22 11:00:00,A,FC_TRA_E,G3000,KTOE,PL,2017,382.485,
ESTAT:TEN00126(1.0),19/01/22 11:00:00,A,FC_TRA_E,G3000,KTOE,PL,2018,421.896,
ESTAT:TEN00126(1.0),19/01/22 11:00:00,A,FC_TRA_E,G3000,KTOE,PL,2019,388.200,
ESTAT:TEN00126(1.0),19/01/22 11:00:00,A,FC_TRA_E,G3000,KTOE,PL,2020,349.777,
ESTAT:TEN00126(1.0),19/01/22 11:00:00,A,FC_TRA_E,G3000,KTOE,PT,2009,11.952,
ESTAT:TEN00126(1.0),19/01/22 11:00:00,A,FC_TRA_E,G3000,KTOE,PT,2010,12.532,
ESTAT:TEN00126(1.0),19/01/22 11:00:00,A,FC_TRA_E,G3000,KTOE,PT,2011,12.554,
ESTAT:TEN00126(1.0),19/01/22 11:00:00,A,FC_TRA_E,G3000,KTOE,PT,2012,11.973,
ESTAT:TEN00126(1.0),19/01/22 11:00:00,A,FC_TRA_E,G3000,KTOE,PT,2013,12.382,
ESTAT:TEN00126(1.0),19/01/22 11:00:00,A,FC_TRA_E,G3000,KTOE,PT,2014,12.102,
ESTAT:TEN00126(1.0),19/01/22 11:00:00,A,FC_TRA_E,G3000,KTOE,PT,2015,14.080,
ESTAT:TEN00126(1.0),19/01/22 11:00:00,A,FC_TRA_E,G3000,KTOE,PT,2016,13.865,
ESTAT:TEN00126(1.0),19/01/22 11:00:00,A,FC_TRA_E,G3000,KTOE,PT,2017,14.676,
ESTAT:TEN00126(1.0),19/01/22 11:00:00,A,FC_TRA_E,G3000,KTOE,PT,2018,16.073,
ESTAT:TEN00126(1.0),19/01/22 11:00:00,A,FC_TRA_E,G3000,KTOE,PT,2019,17.508,
ESTAT:TEN00126(1.0),19/01/22 11:00:00,A,FC_TRA_E,G3000,KTOE,PT,2020,15.310,
ESTAT:TEN00126(1.0),19/01/22 11:00:00,A,FC_TRA_E,G3000,KTOE,RO,2009,53.783,
ESTAT:TEN00126(1.0),19/01/22 11:00:00,A,FC_TRA_E,G3000,KTOE,RO,2010,10.383,
ESTAT:TEN00126(1.0),19/01/22 11:00:00,A,FC_TRA_E,G3000,KTOE,RO,2011,9.329,
ESTAT:TEN00126(1.0),19/01/22 11:00:00,A,FC_TRA_E,G3000,KTOE,RO,2012,9.523,
ESTAT:TEN00126(1.0),19/01/22 11:00:00,A,FC_TRA_E,G3000,KTOE,RO,2013,2.794,
ESTAT:TEN00126(1.0),19/01/22 11:00:00,A,FC_TRA_E,G3000,KTOE,RO,2014,3.375,
ESTAT:TEN00126(1.0),19/01/22 11:00:00,A,FC_TRA_E,G3000,KTOE,RO,2015,1.182,
ESTAT:TEN00126(1.0),19/01/22 11:00:00,A,FC_TRA_E,G3000,KTOE,RO,2016,0.924,
ESTAT:TEN00126(1.0),19/01/22 11:00:00,A,FC_TRA_E,G3000,KTOE,RO,2017,0.228,
ESTAT:TEN00126(1.0),19/01/22 11:00:00,A,FC_TRA_E,G3000,KTOE,RO,2018,0.219,
ESTAT:TEN00126(1.0),19/01/22 11:00:00,A,FC_TRA_E,G3000,KTOE,RO,2019,0.083,
ESTAT:TEN00126(1.0),19/01/22 11:00:00,A,FC_TRA_E,G3000,KTOE,RO,2020,0.279,
ESTAT:TEN00126(1.0),19/01/22 11:00:00,A,FC_TRA_E,G3000,KTOE,RS,2009,3.461,
ESTAT:TEN00126(1.0),19/01/22 11:00:00,A,FC_TRA_E,G3000,KTOE,RS,2010,4.084,
ESTAT:TEN00126(1.0),19/01/22 11:00:00,A,FC_TRA_E,G3000,KTOE,RS,2011,3.418,
ESTAT:TEN00126(1.0),19/01/22 11:00:00,A,FC_TRA_E,G3000,KTOE,RS,2012,3.547,
ESTAT:TEN00126(1.0),19/01/22 11:00:00,A,FC_TRA_E,G3000,KTOE,RS,2013,5.138,
ESTAT:TEN00126(1.0),19/01/22 11:00:00,A,FC_TRA_E,G3000,KTOE,RS,2014,5.030,
ESTAT:TEN00126(1.0),19/01/22 11:00:00,A,FC_TRA_E,G3000,KTOE,RS,2015,5.525,
ESTAT:TEN00126(1.0),19/01/22 11:00:00,A,FC_TRA_E,G3000,KTOE,RS,2016,5.181,
ESTAT:TEN00126(1.0),19/01/22 11:00:00,A,FC_TRA_E,G3000,KTOE,RS,2017,5.440,
ESTAT:TEN00126(1.0),19/01/22 11:00:00,A,FC_TRA_E,G3000,KTOE,RS,2018,10.613,
ESTAT:TEN00126(1.0),19/01/22 11:00:00,A,FC_TRA_E,G3000,KTOE,RS,2019,10.775,
ESTAT:TEN00126(1.0),19/01/22 11:00:00,A,FC_TRA_E,G3000,KTOE,RS,2020,21.952,
ESTAT:TEN00126(1.0),19/01/22 11:00:00,A,FC_TRA_E,G3000,KTOE,SE,2009,20.787,
ESTAT:TEN00126(1.0),19/01/22 11:00:00,A,FC_TRA_E,G3000,KTOE,SE,2010,31.728,
ESTAT:TEN00126(1.0),19/01/22 11:00:00,A,FC_TRA_E,G3000,KTOE,SE,2011,42.799,
ESTAT:TEN00126(1.0),19/01/22 11:00:00,A,FC_TRA_E,G3000,KTOE,SE,2012,52.966,
ESTAT:TEN00126(1.0),19/01/22 11:00:00,A,FC_TRA_E,G3000,KTOE,SE,2013,52.687,
ESTAT:TEN00126(1.0),19/01/22 11:00:00,A,FC_TRA_E,G3000,KTOE,SE,2014,50.623,
ESTAT:TEN00126(1.0),19/01/22 11:00:00,A,FC_TRA_E,G3000,KTOE,SE,2015,34.437,
ESTAT:TEN00126(1.0),19/01/22 11:00:00,A,FC_TRA_E,G3000,KTOE,SE,2016,36.457,
ESTAT:TEN00126(1.0),19/01/22 11:00:00,A,FC_TRA_E,G3000,KTOE,SE,2017,13.316,
ESTAT:TEN00126(1.0),19/01/22 11:00:00,A,FC_TRA_E,G3000,KTOE,SE,2018,11.414,
ESTAT:TEN00126(1.0),19/01/22 11:00:00,A,FC_TRA_E,G3000,KTOE,SE,2019,8.609,
ESTAT:TEN00126(1.0),19/01/22 11:00:00,A,FC_TRA_E,G3000,KTOE,SE,2020,8.615,
ESTAT:TEN00126(1.0),19/01/22 11:00:00,A,FC_TRA_E,G3000,KTOE,SI,2009,0.000,
ESTAT:TEN00126(1.0),19/01/22 11:00:00,A,FC_TRA_E,G3000,KTOE,SI,2010,0.000,
ESTAT:TEN00126(1.0),19/01/22 11:00:00,A,FC_TRA_E,G3000,KTOE,SI,2011,0.000,
ESTAT:TEN00126(1.0),19/01/22 11:00:00,A,FC_TRA_E,G3000,KTOE,SI,2012,0.688,
ESTAT:TEN00126(1.0),19/01/22 11:00:00,A,FC_TRA_E,G3000,KTOE,SI,2013,0.795,
ESTAT:TEN00126(1.0),19/01/22 11:00:00,A,FC_TRA_E,G3000,KTOE,SI,2014,1.161,
ESTAT:TEN00126(1.0),19/01/22 11:00:00,A,FC_TRA_E,G3000,KTOE,SI,2015,2.107,
ESTAT:TEN00126(1.0),19/01/22 11:00:00,A,FC_TRA_E,G3000,KTOE,SI,2016,2.816,
ESTAT:TEN00126(1.0),19/01/22 11:00:00,A,FC_TRA_E,G3000,KTOE,SI,2017,3.268,
ESTAT:TEN00126(1.0),19/01/22 11:00:00,A,FC_TRA_E,G3000,KTOE,SI,2018,3.339,
ESTAT:TEN00126(1.0),19/01/22 11:00:00,A,FC_TRA_E,G3000,KTOE,SI,2019,4.418,
ESTAT:TEN00126(1.0),19/01/22 11:00:00,A,FC_TRA_E,G3000,KTOE,SI,2020,3.487,
ESTAT:TEN00126(1.0),19/01/22 11:00:00,A,FC_TRA_E,G3000,KTOE,SK,2009,415.112,
ESTAT:TEN00126(1.0),19/01/22 11:00:00,A,FC_TRA_E,G3000,KTOE,SK,2010,396.475,
ESTAT:TEN00126(1.0),19/01/22 11:00:00,A,FC_TRA_E,G3000,KTOE,SK,2011,437.038,
ESTAT:TEN00126(1.0),19/01/22 11:00:00,A,FC_TRA_E,G3000,KTOE,SK,2012,201.075,
ESTAT:TEN00126(1.0),19/01/22 11:00:00,A,FC_TRA_E,G3000,KTOE,SK,2013,208.749,
ESTAT:TEN00126(1.0),19/01/22 11:00:00,A,FC_TRA_E,G3000,KTOE,SK,2014,92.111,
ESTAT:TEN00126(1.0),19/01/22 11:00:00,A,FC_TRA_E,G3000,KTOE,SK,2015,92.261,
ESTAT:TEN00126(1.0),19/01/22 11:00:00,A,FC_TRA_E,G3000,KTOE,SK,2016,141.681,
ESTAT:TEN00126(1.0),19/01/22 11:00:00,A,FC_TRA_E,G3000,KTOE,SK,2017,150.623,
ESTAT:TEN00126(1.0),19/01/22 11:00:00,A,FC_TRA_E,G3000,KTOE,SK,2018,133.123,
ESTAT:TEN00126(1.0),19/01/22 11:00:00,A,FC_TRA_E,G3000,KTOE,SK,2019,184.696,
ESTAT:TEN00126(1.0),19/01/22 11:00:00,A,FC_TRA_E,G3000,KTOE,SK,2020,82.847,
ESTAT:TEN00126(1.0),19/01/22 11:00:00,A,FC_TRA_E,G3000,KTOE,TR,2009,187.704,
ESTAT:TEN00126(1.0),19/01/22 11:00:00,A,FC_TRA_E,G3000,KTOE,TR,2010,218.143,
ESTAT:TEN00126(1.0),19/01/22 11:00:00,A,FC_TRA_E,G3000,KTOE,TR,2011,219.046,
ESTAT:TEN00126(1.0),19/01/22 11:00:00,A,FC_TRA_E,G3000,KTOE,TR,2012,199.183,
ESTAT:TEN00126(1.0),19/01/22 11:00:00,A,FC_TRA_E,G3000,KTOE,TR,2013,305.610,
ESTAT:TEN00126(1.0),19/01/22 11:00:00,A,FC_TRA_E,G3000,KTOE,TR,2014,374.312,
ESTAT:TEN00126(1.0),19/01/22 11:00:00,A,FC_TRA_E,G3000,KTOE,TR,2015,348.538,
ESTAT:TEN00126(1.0),19/01/22 11:00:00,A,FC_TRA_E,G3000,KTOE,TR,2016,373.538,
ESTAT:TEN00126(1.0),19/01/22 11:00:00,A,FC_TRA_E,G3000,KTOE,TR,2017,436.180,
ESTAT:TEN00126(1.0),19/01/22 11:00:00,A,FC_TRA_E,G3000,KTOE,TR,2018,462.818,
ESTAT:TEN00126(1.0),19/01/22 11:00:00,A,FC_TRA_E,G3000,KTOE,TR,2019,338.057,
ESTAT:TEN00126(1.0),19/01/22 11:00:00,A,FC_TRA_E,G3000,KTOE,TR,2020,212.505,
ESTAT:TEN00126(1.0),19/01/22 11:00:00,A,FC_TRA_E,G3000,KTOE,UA,2009,3330.374,
ESTAT:TEN00126(1.0),19/01/22 11:00:00,A,FC_TRA_E,G3000,KTOE,UA,2010,3304.020,
ESTAT:TEN00126(1.0),19/01/22 11:00:00,A,FC_TRA_E,G3000,KTOE,UA,2011,3313.156,
ESTAT:TEN00126(1.0),19/01/22 11:00:00,A,FC_TRA_E,G3000,KTOE,UA,2012,2050.924,
ESTAT:TEN00126(1.0),19/01/22 11:00:00,A,FC_TRA_E,G3000,KTOE,UA,2013,2304.063,
ESTAT:TEN00126(1.0),19/01/22 11:00:00,A,FC_TRA_E,G3000,KTOE,UA,2014,2273.990,
ESTAT:TEN00126(1.0),19/01/22 11:00:00,A,FC_TRA_E,G3000,KTOE,UA,2015,1572.420,
ESTAT:TEN00126(1.0),19/01/22 11:00:00,A,FC_TRA_E,G3000,KTOE,UA,2016,1398.839,
ESTAT:TEN00126(1.0),19/01/22 11:00:00,A,FC_TRA_E,G3000,KTOE,UA,2017,1612.097,
ESTAT:TEN00126(1.0),19/01/22 11:00:00,A,FC_TRA_E,G3000,KTOE,UA,2018,1419.596,
ESTAT:TEN00126(1.0),19/01/22 11:00:00,A,FC_TRA_E,G3000,KTOE,UA,2019,1538.787,
ESTAT:TEN00126(1.0),19/01/22 11:00:00,A,FC_TRA_E,G3000,KTOE,UA,2020,664.514,
ESTAT:TEN00126(1.0),19/01/22 11:00:00,A,FC_TRA_E,G3000,KTOE,UK,2009,0.000,
ESTAT:TEN00126(1.0),19/01/22 11:00:00,A,FC_TRA_E,G3000,KTOE,UK,2010,0.000,
ESTAT:TEN00126(1.0),19/01/22 11:00:00,A,FC_TRA_E,G3000,KTOE,UK,2011,0.000,
ESTAT:TEN00126(1.0),19/01/22 11:00:00,A,FC_TRA_E,G3000,KTOE,UK,2012,0.000,
ESTAT:TEN00126(1.0),19/01/22 11:00:00,A,FC_TRA_E,G3000,KTOE,UK,2013,0.000,
ESTAT:TEN00126(1.0),19/01/22 11:00:00,A,FC_TRA_E,G3000,KTOE,UK,2014,0.000,
ESTAT:TEN00126(1.0),19/01/22 11:00:00,A,FC_TRA_E,G3000,KTOE,UK,2015,0.000,
ESTAT:TEN00126(1.0),19/01/22 11:00:00,A,FC_TRA_E,G3000,KTOE,UK,2016,0.000,
ESTAT:TEN00126(1.0),19/01/22 11:00:00,A,FC_TRA_E,G3000,KTOE,UK,2017,0.000,
ESTAT:TEN00126(1.0),19/01/22 11:00:00,A,FC_TRA_E,G3000,KTOE,UK,2018,0.000,
ESTAT:TEN00126(1.0),19/01/22 11:00:00,A,FC_TRA_E,G3000,KTOE,UK,2019,0.000,
ESTAT:TEN00126(1.0),19/01/22 11:00:00,A,FC_TRA_E,G3000,KTOE,XK,2009,0.000,
ESTAT:TEN00126(1.0),19/01/22 11:00:00,A,FC_TRA_E,G3000,KTOE,XK,2010,0.000,
ESTAT:TEN00126(1.0),19/01/22 11:00:00,A,FC_TRA_E,G3000,KTOE,XK,2011,0.000,
ESTAT:TEN00126(1.0),19/01/22 11:00:00,A,FC_TRA_E,G3000,KTOE,XK,2012,0.000,
ESTAT:TEN00126(1.0),19/01/22 11:00:00,A,FC_TRA_E,G3000,KTOE,XK,2013,0.000,
ESTAT:TEN00126(1.0),19/01/22 11:00:00,A,FC_TRA_E,G3000,KTOE,XK,2014,0.000,
ESTAT:TEN00126(1.0),19/01/22 11:00:00,A,FC_TRA_E,G3000,KTOE,XK,2015,0.000,
ESTAT:TEN00126(1.0),19/01/22 11:00:00,A,FC_TRA_E,G3000,KTOE,XK,2016,0.000,
ESTAT:TEN00126(1.0),19/01/22 11:00:00,A,FC_TRA_E,G3000,KTOE,XK,2017,0.000,
ESTAT:TEN00126(1.0),19/01/22 11:00:00,A,FC_TRA_E,G3000,KTOE,XK,2018,0.000,
ESTAT:TEN00126(1.0),19/01/22 11:00:00,A,FC_TRA_E,G3000,KTOE,XK,2019,0.000,
ESTAT:TEN00126(1.0),19/01/22 11:00:00,A,FC_TRA_E,G3000,KTOE,XK,2020,0.000,
ESTAT:TEN00126(1.0),19/01/22 11:00:00,A,FC_TRA_E,O4630,KTOE,AL,2009,0.000,
ESTAT:TEN00126(1.0),19/01/22 11:00:00,A,FC_TRA_E,O4630,KTOE,AL,2010,0.000,
ESTAT:TEN00126(1.0),19/01/22 11:00:00,A,FC_TRA_E,O4630,KTOE,AL,2011,2.260,
ESTAT:TEN00126(1.0),19/01/22 11:00:00,A,FC_TRA_E,O4630,KTOE,AL,2012,4.520,
ESTAT:TEN00126(1.0),19/01/22 11:00:00,A,FC_TRA_E,O4630,KTOE,AL,2013,5.650,
ESTAT:TEN00126(1.0),19/01/22 11:00:00,A,FC_TRA_E,O4630,KTOE,AL,2014,5.650,
ESTAT:TEN00126(1.0),19/01/22 11:00:00,A,FC_TRA_E,O4630,KTOE,AL,2015,6.780,
ESTAT:TEN00126(1.0),19/01/22 11:00:00,A,FC_TRA_E,O4630,KTOE,AL,2016,6.780,
ESTAT:TEN00126(1.0),19/01/22 11:00:00,A,FC_TRA_E,O4630,KTOE,AL,2017,7.040,
ESTAT:TEN00126(1.0),19/01/22 11:00:00,A,FC_TRA_E,O4630,KTOE,AL,2018,11.560,
ESTAT:TEN00126(1.0),19/01/22 11:00:00,A,FC_TRA_E,O4630,KTOE,AL,2019,11.933,
ESTAT:TEN00126(1.0),19/01/22 11:00:00,A,FC_TRA_E,O4630,KTOE,AL,2020,8.046,
ESTAT:TEN00126(1.0),19/01/22 11:00:00,A,FC_TRA_E,O4630,KTOE,AT,2009,22.518,
ESTAT:TEN00126(1.0),19/01/22 11:00:00,A,FC_TRA_E,O4630,KTOE,AT,2010,21.186,
ESTAT:TEN00126(1.0),19/01/22 11:00:00,A,FC_TRA_E,O4630,KTOE,AT,2011,20.351,
ESTAT:TEN00126(1.0),19/01/22 11:00:00,A,FC_TRA_E,O4630,KTOE,AT,2012,21.484,
ESTAT:TEN00126(1.0),19/01/22 11:00:00,A,FC_TRA_E,O4630,KTOE,AT,2013,20.094,
ESTAT:TEN00126(1.0),19/01/22 11:00:00,A,FC_TRA_E,O4630,KTOE,AT,2014,17.667,
ESTAT:TEN00126(1.0),19/01/22 11:00:00,A,FC_TRA_E,O4630,KTOE,AT,2015,13.441,
ESTAT:TEN00126(1.0),19/01/22 11:00:00,A,FC_TRA_E,O4630,KTOE,AT,2016,12.190,
ESTAT:TEN00126(1.0),19/01/22 11:00:00,A,FC_TRA_E,O4630,KTOE,AT,2017,11.605,
ESTAT:TEN00126(1.0),19/01/22 11:00:00,A,FC_TRA_E,O4630,KTOE,AT,2018,8.226,
ESTAT:TEN00126(1.0),19/01/22 11:00:00,A,FC_TRA_E,O4630,KTOE,AT,2019,5.253,
ESTAT:TEN00126(1.0),19/01/22 11:00:00,A,FC_TRA_E,O4630,KTOE,AT,2020,3.055,
ESTAT:TEN00126(1.0),19/01/22 11:00:00,A,FC_TRA_E,O4630,KTOE,BA,2014,40.318,
ESTAT:TEN00126(1.0),19/01/22 11:00:00,A,FC_TRA_E,O4630,KTOE,BA,2015,41.438,
ESTAT:TEN00126(1.0),19/01/22 11:00:00,A,FC_TRA_E,O4630,KTOE,BA,2016,51.518,
ESTAT:TEN00126(1.0),19/01/22 11:00:00,A,FC_TRA_E,O4630,KTOE,BA,2017,64.957,
ESTAT:TEN00126(1.0),19/01/22 11:00:00,A,FC_TRA_E,O4630,KTOE,BA,2018,59.655,
ESTAT:TEN00126(1.0),19/01/22 11:00:00,A,FC_TRA_E,O4630,KTOE,BA,2019,58.002,
ESTAT:TEN00126(1.0),19/01/22 11:00:00,A,FC_TRA_E,O4630,KTOE,BE,2009,58.231,
ESTAT:TEN00126(1.0),19/01/22 11:00:00,A,FC_TRA_E,O4630,KTOE,BE,2010,52.737,
ESTAT:TEN00126(1.0),19/01/22 11:00:00,A,FC_TRA_E,O4630,KTOE,BE,2011,54.935,
ESTAT:TEN00126(1.0),19/01/22 11:00:00,A,FC_TRA_E,O4630,KTOE,BE,2012,52.737,
ESTAT:TEN00126(1.0),19/01/22 11:00:00,A,FC_TRA_E,O4630,KTOE,BE,2013,46.145,
ESTAT:TEN00126(1.0),19/01/22 11:00:00,A,FC_TRA_E,O4630,KTOE,BE,2014,48.342,
ESTAT:TEN00126(1.0),19/01/22 11:00:00,A,FC_TRA_E,O4630,KTOE,BE,2015,63.724,
ESTAT:TEN00126(1.0),19/01/22 11:00:00,A,FC_TRA_E,O4630,KTOE,BE,2016,64.823,
ESTAT:TEN00126(1.0),19/01/22 11:00:00,A,FC_TRA_E,O4630,KTOE,BE,2017,58.780,
ESTAT:TEN00126(1.0),19/01/22 11:00:00,A,FC_TRA_E,O4630,KTOE,BE,2018,55.154,
ESTAT:TEN00126(1.0),19/01/22 11:00:00,A,FC_TRA_E,O4630,KTOE,BE,2019,54.715,
ESTAT:TEN00126(1.0),19/01/22 11:00:00,A,FC_TRA_E,O4630,KTOE,BE,2020,48.466,
ESTAT:TEN00126(1.0),19/01/22 11:00:00,A,FC_TRA_E,O4630,KTOE,BG,2009,387.838,
ESTAT:TEN00126(1.0),19/01/22 11:00:00,A,FC_TRA_E,O4630,KTOE,BG,2010,373.555,
ESTAT:TEN00126(1.0),19/01/22 11:00:00,A,FC_TRA_E,O4630,KTOE,BG,2011,349.384,
ESTAT:TEN00126(1.0),19/01/22 11:00:00,A,FC_TRA_E,O4630,KTOE,BG,2012,370.259,
ESTAT:TEN00126(1.0),19/01/22 11:00:00,A,FC_TRA_E,O4630,KTOE,BG,2013,397.726,
ESTAT:TEN00126(1.0),19/01/22 11:00:00,A,FC_TRA_E,O4630,KTOE,BG,2014,433.983,
ESTAT:TEN00126(1.0),19/01/22 11:00:00,A,FC_TRA_E,O4630,KTOE,BG,2015,462.549,
ESTAT:TEN00126(1.0),19/01/22 11:00:00,A,FC_TRA_E,O4630,KTOE,BG,2016,495.510,
ESTAT:TEN00126(1.0),19/01/22 11:00:00,A,FC_TRA_E,O4630,KTOE,BG,2017,478.865,
ESTAT:TEN00126(1.0),19/01/22 11:00:00,A,FC_TRA_E,O4630,KTOE,BG,2018,457.021,
ESTAT:TEN00126(1.0),19/01/22 11:00:00,A,FC_TRA_E,O4630,KTOE,BG,2019,438.510,
ESTAT:TEN00126(1.0),19/01/22 11:00:00,A,FC_TRA_E,O4630,KTOE,BG,2020,415.713,
ESTAT:TEN00126(1.0),19/01/22 11:00:00,A,FC_TRA_E,O4630,KTOE,CY,2009,0.000,
ESTAT:TEN00126(1.0),19/01/22 11:00:00,A,FC_TRA_E,O4630,KTOE,CY,2010,0.000,
ESTAT:TEN00126(1.0),19/01/22 11:00:00,A,FC_TRA_E,O4630,KTOE,CY,2011,0.000,
ESTAT:TEN00126(1.0),19/01/22 11:00:00,A,FC_TRA_E,O4630,KTOE,CY,2012,0.000,
ESTAT:TEN00126(1.0),19/01/22 11:00:00,A,FC_TRA_E,O4630,KTOE,CY,2013,0.000,
ESTAT:TEN00126(1.0),19/01/22 11:00:00,A,FC_TRA_E,O4630,KTOE,CY,2014,0.000,
ESTAT:TEN00126(1.0),19/01/22 11:00:00,A,FC_TRA_E,O4630,KTOE,CY,2015,0.000,
ESTAT:TEN00126(1.0),19/01/22 11:00:00,A,FC_TRA_E,O4630,KTOE,CY,2016,0.000,
ESTAT:TEN00126(1.0),19/01/22 11:00:00,A,FC_TRA_E,O4630,KTOE,CY,2017,0.000,
ESTAT:TEN00126(1.0),19/01/22 11:00:00,A,FC_TRA_E,O4630,KTOE,CY,2018,0.498,
ESTAT:TEN00126(1.0),19/01/22 11:00:00,A,FC_TRA_E,O4630,KTOE,CY,2019,0.539,
ESTAT:TEN00126(1.0),19/01/22 11:00:00,A,FC_TRA_E,O4630,KTOE,CY,2020,0.451,
ESTAT:TEN00126(1.0),19/01/22 11:00:00,A,FC_TRA_E,O4630,KTOE,CZ,2009,83.724,
ESTAT:TEN00126(1.0),19/01/22 11:00:00,A,FC_TRA_E,O4630,KTOE,CZ,2010,80.594,
ESTAT:TEN00126(1.0),19/01/22 11:00:00,A,FC_TRA_E,O4630,KTOE,CZ,2011,81.625,
ESTAT:TEN00126(1.0),19/01/22 11:00:00,A,FC_TRA_E,O4630,KTOE,CZ,2012,89.968,
ESTAT:TEN00126(1.0),19/01/22 11:00:00,A,FC_TRA_E,O4630,KTOE,CZ,2013,93.107,
ESTAT:TEN00126(1.0),19/01/22 11:00:00,A,FC_TRA_E,O4630,KTOE,CZ,2014,102.522,
ESTAT:TEN00126(1.0),19/01/22 11:00:00,A,FC_TRA_E,O4630,KTOE,CZ,2015,103.568,
ESTAT:TEN00126(1.0),19/01/22 11:00:00,A,FC_TRA_E,O4630,KTOE,CZ,2016,103.568,
ESTAT:TEN00126(1.0),19/01/22 11:00:00,A,FC_TRA_E,O4630,KTOE,CZ,2017,100.430,
ESTAT:TEN00126(1.0),19/01/22 11:00:00,A,FC_TRA_E,O4630,KTOE,CZ,2018,96.245,
ESTAT:TEN00126(1.0),19/01/22 11:00:00,A,FC_TRA_E,O4630,KTOE,CZ,2019,92.061,
ESTAT:TEN00126(1.0),19/01/22 11:00:00,A,FC_TRA_E,O4630,KTOE,CZ,2020,77.415,
ESTAT:TEN00126(1.0),19/01/22 11:00:00,A,FC_TRA_E,O4630,KTOE,DE,2009,635.471,
ESTAT:TEN00126(1.0),19/01/22 11:00:00,A,FC_TRA_E,O4630,KTOE,DE,2010,618.980,
ESTAT:TEN00126(1.0),19/01/22 11:00:00,A,FC_TRA_E,O4630,KTOE,DE,2011,631.074,
ESTAT:TEN00126(1.0),19/01/22 11:00:00,A,FC_TRA_E,O4630,KTOE,DE,2012,628.875,
ESTAT:TEN00126(1.0),19/01/22 11:00:00,A,FC_TRA_E,O4630,KTOE,DE,2013,612.383,
ESTAT:TEN00126(1.0),19/01/22 11:00:00,A,FC_TRA_E,O4630,KTOE,DE,2014,645.735,
ESTAT:TEN00126(1.0),19/01/22 11:00:00,A,FC_TRA_E,O4630,KTOE,DE,2015,593.784,
ESTAT:TEN00126(1.0),19/01/22 11:00:00,A,FC_TRA_E,O4630,KTOE,DE,2016,536.007,
ESTAT:TEN00126(1.0),19/01/22 11:00:00,A,FC_TRA_E,O4630,KTOE,DE,2017,496.913,
ESTAT:TEN00126(1.0),19/01/22 11:00:00,A,FC_TRA_E,O4630,KTOE,DE,2018,551.439,
ESTAT:TEN00126(1.0),19/01/22 11:00:00,A,FC_TRA_E,O4630,KTOE,DE,2019,478.394,
ESTAT:TEN00126(1.0),19/01/22 11:00:00,A,FC_TRA_E,O4630,KTOE,DE,2020,358.024,
ESTAT:TEN00126(1.0),19/01/22 11:00:00,A,FC_TRA_E,O4630,KTOE,DK,2009,3.296,
ESTAT:TEN00126(1.0),19/01/22 11:00:00,A,FC_TRA_E,O4630,KTOE,DK,2010,0.000,
ESTAT:TEN00126(1.0),19/01/22 11:00:00,A,FC_TRA_E,O4630,KTOE,DK,2011,0.000,
ESTAT:TEN00126(1.0),19/01/22 11:00:00,A,FC_TRA_E,O4630,KTOE,DK,2012,0.000,
ESTAT:TEN00126(1.0),19/01/22 11:00:00,A,FC_TRA_E,O4630,KTOE,DK,2013,0.000,
ESTAT:TEN00126(1.0),19/01/22 11:00:00,A,FC_TRA_E,O4630,KTOE,DK,2014,0.000,
ESTAT:TEN00126(1.0),19/01/22 11:00:00,A,FC_TRA_E,O4630,KTOE,DK,2015,0.000,
ESTAT:TEN00126(1.0),19/01/22 11:00:00,A,FC_TRA_E,O4630,KTOE,DK,2016,0.000,
ESTAT:TEN00126(1.0),19/01/22 11:00:00,A,FC_TRA_E,O4630,KTOE,DK,2017,0.000,
ESTAT:TEN00126(1.0),19/01/22 11:00:00,A,FC_TRA_E,O4630,KTOE,DK,2018,0.000,
ESTAT:TEN00126(1.0),19/01/22 11:00:00,A,FC_TRA_E,O4630,KTOE,DK,2019,0.000,
ESTAT:TEN00126(1.0),19/01/22 11:00:00,A,FC_TRA_E,O4630,KTOE,DK,2020,0.000,
ESTAT:TEN00126(1.0),19/01/22 11:00:00,A,FC_TRA_E,O4630,KTOE,EA19,2009,2680.656,
ESTAT:TEN00126(1.0),19/01/22 11:00:00,A,FC_TRA_E,O4630,KTOE,EA19,2010,2805.743,
ESTAT:TEN00126(1.0),19/01/22 11:00:00,A,FC_TRA_E,O4630,KTOE,EA19,2011,3029.036,
ESTAT:TEN00126(1.0),19/01/22 11:00:00,A,FC_TRA_E,O4630,KTOE,EA19,2012,3011.702,
ESTAT:TEN00126(1.0),19/01/22 11:00:00,A,FC_TRA_E,O4630,KTOE,EA19,2013,3298.745,
ESTAT:TEN00126(1.0),19/01/22 11:00:00,A,FC_TRA_E,O4630,KTOE,EA19,2014,3309.549,
ESTAT:TEN00126(1.0),19/01/22 11:00:00,A,FC_TRA_E,O4630,KTOE,EA19,2015,3372.407,
ESTAT:TEN00126(1.0),19/01/22 11:00:00,A,FC_TRA_E,O4630,KTOE,EA19,2016,3234.304,
ESTAT:TEN00126(1.0),19/01/22 11:00:00,A,FC_TRA_E,O4630,KTOE,EA19,2017,3211.546,
ESTAT:TEN00126(1.0),19/01/22 11:00:00,A,FC_TRA_E,O4630,KTOE,EA19,2018,3171.848,
ESTAT:TEN00126(1.0),19/01/22 11:00:00,A,FC_TRA_E,O4630,KTOE,EA19,2019,3145.482,
ESTAT:TEN00126(1.0),19/01/22 11:00:00,A,FC_TRA_E,O4630,KTOE,EA19,2020,2498.442,
ESTAT:TEN00126(1.0),19/01/22 11:00:00,A,FC_TRA_E,O4630,KTOE,EE,2009,2.478,
ESTAT:TEN00126(1.0),19/01/22 11:00:00,A,FC_TRA_E,O4630,KTOE,EE,2010,2.237,
ESTAT:TEN00126(1.0),19/01/22 11:00:00,A,FC_TRA_E,O4630,KTOE,EE,2011,2.470,
ESTAT:TEN00126(1.0),19/01/22 11:00:00,A,FC_TRA_E,O4630,KTOE,EE,2012,3.246,
ESTAT:TEN00126(1.0),19/01/22 11:00:00,A,FC_TRA_E,O4630,KTOE,EE,2013,3.814,
ESTAT:TEN00126(1.0),19/01/22 11:00:00,A,FC_TRA_E,O4630,KTOE,EE,2014,4.562,
ESTAT:TEN00126(1.0),19/01/22 11:00:00,A,FC_TRA_E,O4630,KTOE,EE,2015,5.441,
ESTAT:TEN00126(1.0),19/01/22 11:00:00,A,FC_TRA_E,O4630,KTOE,EE,2016,6.108,
ESTAT:TEN00126(1.0),19/01/22 11:00:00,A,FC_TRA_E,O4630,KTOE,EE,2017,7.320,
ESTAT:TEN00126(1.0),19/01/22 11:00:00,A,FC_TRA_E,O4630,KTOE,EE,2018,8.823,
ESTAT:TEN00126(1.0),19/01/22 11:00:00,A,FC_TRA_E,O4630,KTOE,EE,2019,10.509,
ESTAT:TEN00126(1.0),19/01/22 11:00:00,A,FC_TRA_E,O4630,KTOE,EE,2020,10.107,
ESTAT:TEN00126(1.0),19/01/22 11:00:00,A,FC_TRA_E,O4630,KTOE,EL,2009,18.678,
ESTAT:TEN00126(1.0),19/01/22 11:00:00,A,FC_TRA_E,O4630,KTOE,EL,2010,46.145,
ESTAT:TEN00126(1.0),19/01/22 11:00:00,A,FC_TRA_E,O4630,KTOE,EL,2011,196.666,
ESTAT:TEN00126(1.0),19/01/22 11:00:00,A,FC_TRA_E,O4630,KTOE,EL,2012,84.599,
ESTAT:TEN00126(1.0),19/01/22 11:00:00,A,FC_TRA_E,O4630,KTOE,EL,2013,204.357,
ESTAT:TEN00126(1.0),19/01/22 11:00:00,A,FC_TRA_E,O4630,KTOE,EL,2014,221.936,
ESTAT:TEN00126(1.0),19/01/22 11:00:00,A,FC_TRA_E,O4630,KTOE,EL,2015,257.094,
ESTAT:TEN00126(1.0),19/01/22 11:00:00,A,FC_TRA_E,O4630,KTOE,EL,2016,261.488,
ESTAT:TEN00126(1.0),19/01/22 11:00:00,A,FC_TRA_E,O4630,KTOE,EL,2017,245.909,
ESTAT:TEN00126(1.0),19/01/22 11:00:00,A,FC_TRA_E,O4630,KTOE,EL,2018,235.570,
ESTAT:TEN00126(1.0),19/01/22 11:00:00,A,FC_TRA_E,O4630,KTOE,EL,2019,240.329,
ESTAT:TEN00126(1.0),19/01/22 11:00:00,A,FC_TRA_E,O4630,KTOE,EL,2020,193.717,
ESTAT:TEN00126(1.0),19/01/22 11:00:00,A,FC_TRA_E,O4630,KTOE,ES,2009,18.076,
ESTAT:TEN00126(1.0),19/01/22 11:00:00,A,FC_TRA_E,O4630,KTOE,ES,2010,21.465,
ESTAT:TEN00126(1.0),19/01/22 11:00:00,A,FC_TRA_E,O4630,KTOE,ES,2011,23.725,
ESTAT:TEN00126(1.0),19/01/22 11:00:00,A,FC_TRA_E,O4630,KTOE,ES,2012,29.373,
ESTAT:TEN00126(1.0),19/01/22 11:00:00,A,FC_TRA_E,O4630,KTOE,ES,2013,35.022,
ESTAT:TEN00126(1.0),19/01/22 11:00:00,A,FC_TRA_E,O4630,KTOE,ES,2014,39.541,
ESTAT:TEN00126(1.0),19/01/22 11:00:00,A,FC_TRA_E,O4630,KTOE,ES,2015,48.579,
ESTAT:TEN00126(1.0),19/01/22 11:00:00,A,FC_TRA_E,O4630,KTOE,ES,2016,53.098,
ESTAT:TEN00126(1.0),19/01/22 11:00:00,A,FC_TRA_E,O4630,KTOE,ES,2017,57.617,
ESTAT:TEN00126(1.0),19/01/22 11:00:00,A,FC_TRA_E,O4630,KTOE,ES,2018,70.044,
ESTAT:TEN00126(1.0),19/01/22 11:00:00,A,FC_TRA_E,O4630,KTOE,ES,2019,97.158,
ESTAT:TEN00126(1.0),19/01/22 11:00:00,A,FC_TRA_E,O4630,KTOE,ES,2020,74.563,
ESTAT:TEN00126(1.0),19/01/22 11:00:00,A,FC_TRA_E,O4630,KTOE,EU27_2020,2009,5152.769,
ESTAT:TEN00126(1.0),19/01/22 11:00:00,A,FC_TRA_E,O4630,KTOE,EU27_2020,2010,5199.625,
ESTAT:TEN00126(1.0),19/01/22 11:00:00,A,FC_TRA_E,O4630,KTOE,EU27_2020,2011,5404.686,
ESTAT:TEN00126(1.0),19/01/22 11:00:00,A,FC_TRA_E,O4630,KTOE,EU27_2020,2012,5379.717,
ESTAT:TEN00126(1.0),19/01/22 11:00:00,A,FC_TRA_E,O4630,KTOE,EU27_2020,2013,5688.283,
ESTAT:TEN00126(1.0),19/01/22 11:00:00,A,FC_TRA_E,O4630,KTOE,EU27_2020,2014,5767.104,
ESTAT:TEN00126(1.0),19/01/22 11:00:00,A,FC_TRA_E,O4630,KTOE,EU27_2020,2015,5900.143,
ESTAT:TEN00126(1.0),19/01/22 11:00:00,A,FC_TRA_E,O4630,KTOE,EU27_2020,2016,5912.296,
ESTAT:TEN00126(1.0),19/01/22 11:00:00,A,FC_TRA_E,O4630,KTOE,EU27_2020,2017,5998.892,
ESTAT:TEN00126(1.0),19/01/22 11:00:00,A,FC_TRA_E,O4630,KTOE,EU27_2020,2018,5960.315,
ESTAT:TEN00126(1.0),19/01/22 11:00:00,A,FC_TRA_E,O4630,KTOE,EU27_2020,2019,5994.400,
ESTAT:TEN00126(1.0),19/01/22 11:00:00,A,FC_TRA_E,O4630,KTOE,EU27_2020,2020,5059.736,
ESTAT:TEN00126(1.0),19/01/22 11:00:00,A,FC_TRA_E,O4630,KTOE,FI,2009,0.000,
ESTAT:TEN00126(1.0),19/01/22 11:00:00,A,FC_TRA_E,O4630,KTOE,FI,2010,0.000,
ESTAT:TEN00126(1.0),19/01/22 11:00:00,A,FC_TRA_E,O4630,KTOE,FI,2011,0.000,
ESTAT:TEN00126(1.0),19/01/22 11:00:00,A,FC_TRA_E,O4630,KTOE,FI,2012,0.000,
ESTAT:TEN00126(1.0),19/01/22 11:00:00,A,FC_TRA_E,O4630,KTOE,FI,2013,0.000,
ESTAT:TEN00126(1.0),19/01/22 11:00:00,A,FC_TRA_E,O4630,KTOE,FI,2014,0.000,
ESTAT:TEN00126(1.0),19/01/22 11:00:00,A,FC_TRA_E,O4630,KTOE,FI,2015,0.000,
ESTAT:TEN00126(1.0),19/01/22 11:00:00,A,FC_TRA_E,O4630,KTOE,FI,2016,0.000,
ESTAT:TEN00126(1.0),19/01/22 11:00:00,A,FC_TRA_E,O4630,KTOE,FI,2017,0.000,
ESTAT:TEN00126(1.0),19/01/22 11:00:00,A,FC_TRA_E,O4630,KTOE,FI,2018,0.000,
ESTAT:TEN00126(1.0),19/01/22 11:00:00,A,FC_TRA_E,O4630,KTOE,FI,2019,0.000,
ESTAT:TEN00126(1.0),19/01/22 11:00:00,A,FC_TRA_E,O4630,KTOE,FI,2020,0.000,
ESTAT:TEN00126(1.0),19/01/22 11:00:00,A,FC_TRA_E,O4630,KTOE,FR,2009,108.770,
ESTAT:TEN00126(1.0),19/01/22 11:00:00,A,FC_TRA_E,O4630,KTOE,FR,2010,126.349,
ESTAT:TEN00126(1.0),19/01/22 11:00:00,A,FC_TRA_E,O4630,KTOE,FR,2011,139.534,
ESTAT:TEN00126(1.0),19/01/22 11:00:00,A,FC_TRA_E,O4630,KTOE,FR,2012,126.349,
ESTAT:TEN00126(1.0),19/01/22 11:00:00,A,FC_TRA_E,O4630,KTOE,FR,2013,112.066,
ESTAT:TEN00126(1.0),19/01/22 11:00:00,A,FC_TRA_E,O4630,KTOE,FR,2014,99.981,
ESTAT:TEN00126(1.0),19/01/22 11:00:00,A,FC_TRA_E,O4630,KTOE,FR,2015,88.994,
ESTAT:TEN00126(1.0),19/01/22 11:00:00,A,FC_TRA_E,O4630,KTOE,FR,2016,79.106,
ESTAT:TEN00126(1.0),19/01/22 11:00:00,A,FC_TRA_E,O4630,KTOE,FR,2017,70.316,
ESTAT:TEN00126(1.0),19/01/22 11:00:00,A,FC_TRA_E,O4630,KTOE,FR,2018,63.687,
ESTAT:TEN00126(1.0),19/01/22 11:00:00,A,FC_TRA_E,O4630,KTOE,FR,2019,57.814,
ESTAT:TEN00126(1.0),19/01/22 11:00:00,A,FC_TRA_E,O4630,KTOE,FR,2020,39.041,
ESTAT:TEN00126(1.0),19/01/22 11:00:00,A,FC_TRA_E,O4630,KTOE,GE,2013,2.197,
ESTAT:TEN00126(1.0),19/01/22 11:00:00,A,FC_TRA_E,O4630,KTOE,GE,2014,2.197,
ESTAT:TEN00126(1.0),19/01/22 11:00:00,A,FC_TRA_E,O4630,KTOE,GE,2015,0.000,
ESTAT:TEN00126(1.0),19/01/22 11:00:00,A,FC_TRA_E,O4630,KTOE,GE,2016,0.000,
ESTAT:TEN00126(1.0),19/01/22 11:00:00,A,FC_TRA_E,O4630,KTOE,GE,2017,3.076,
ESTAT:TEN00126(1.0),19/01/22 11:00:00,A,FC_TRA_E,O4630,KTOE,GE,2018,3.955,
ESTAT:TEN00126(1.0),19/01/22 11:00:00,A,FC_TRA_E,O4630,KTOE,GE,2019,18.962,
ESTAT:TEN00126(1.0),19/01/22 11:00:00,A,FC_TRA_E,O4630,KTOE,GE,2020,22.101,
ESTAT:TEN00126(1.0),19/01/22 11:00:00,A,FC_TRA_E,O4630,KTOE,HR,2009,78.396,
ESTAT:TEN00126(1.0),19/01/22 11:00:00,A,FC_TRA_E,O4630,KTOE,HR,2010,66.077,
ESTAT:TEN00126(1.0),19/01/22 11:00:00,A,FC_TRA_E,O4630,KTOE,HR,2011,62.717,
ESTAT:TEN00126(1.0),19/01/22 11:00:00,A,FC_TRA_E,O4630,KTOE,HR,2012,61.597,
ESTAT:TEN00126(1.0),19/01/22 11:00:00,A,FC_TRA_E,O4630,KTOE,HR,2013,62.717,
ESTAT:TEN00126(1.0),19/01/22 11:00:00,A,FC_TRA_E,O4630,KTOE,HR,2014,68.317,
ESTAT:TEN00126(1.0),19/01/22 11:00:00,A,FC_TRA_E,O4630,KTOE,HR,2015,75.037,
ESTAT:TEN00126(1.0),19/01/22 11:00:00,A,FC_TRA_E,O4630,KTOE,HR,2016,79.516,
ESTAT:TEN00126(1.0),19/01/22 11:00:00,A,FC_TRA_E,O4630,KTOE,HR,2017,79.180,
ESTAT:TEN00126(1.0),19/01/22 11:00:00,A,FC_TRA_E,O4630,KTOE,HR,2018,78.844,
ESTAT:TEN00126(1.0),19/01/22 11:00:00,A,FC_TRA_E,O4630,KTOE,HR,2019,73.917,
ESTAT:TEN00126(1.0),19/01/22 11:00:00,A,FC_TRA_E,O4630,KTOE,HR,2020,59.133,
ESTAT:TEN00126(1.0),19/01/22 11:00:00,A,FC_TRA_E,O4630,KTOE,HU,2009,26.942,
ESTAT:TEN00126(1.0),19/01/22 11:00:00,A,FC_TRA_E,O4630,KTOE,HU,2010,29.187,
ESTAT:TEN00126(1.0),19/01/22 11:00:00,A,FC_TRA_E,O4630,KTOE,HU,2011,31.432,
ESTAT:TEN00126(1.0),19/01/22 11:00:00,A,FC_TRA_E,O4630,KTOE,HU,2012,23.574,
ESTAT:TEN00126(1.0),19/01/22 11:00:00,A,FC_TRA_E,O4630,KTOE,HU,2013,32.555,
ESTAT:TEN00126(1.0),19/01/22 11:00:00,A,FC_TRA_E,O4630,KTOE,HU,2014,30.310,
ESTAT:TEN00126(1.0),19/01/22 11:00:00,A,FC_TRA_E,O4630,KTOE,HU,2015,30.310,
ESTAT:TEN00126(1.0),19/01/22 11:00:00,A,FC_TRA_E,O4630,KTOE,HU,2016,27.563,
ESTAT:TEN00126(1.0),19/01/22 11:00:00,A,FC_TRA_E,O4630,KTOE,HU,2017,26.449,
ESTAT:TEN00126(1.0),19/01/22 11:00:00,A,FC_TRA_E,O4630,KTOE,HU,2018,23.143,
ESTAT:TEN00126(1.0),19/01/22 11:00:00,A,FC_TRA_E,O4630,KTOE,HU,2019,19.837,
ESTAT:TEN00126(1.0),19/01/22 11:00:00,A,FC_TRA_E,O4630,KTOE,HU,2020,14.326,
ESTAT:TEN00126(1.0),19/01/22 11:00:00,A,FC_TRA_E,O4630,KTOE,IE,2009,0.587,
ESTAT:TEN00126(1.0),19/01/22 11:00:00,A,FC_TRA_E,O4630,KTOE,IE,2010,0.515,
ESTAT:TEN00126(1.0),19/01/22 11:00:00,A,FC_TRA_E,O4630,KTOE,IE,2011,0.550,
ESTAT:TEN00126(1.0),19/01/22 11:00:00,A,FC_TRA_E,O4630,KTOE,IE,2012,1.000,
ESTAT:TEN00126(1.0),19/01/22 11:00:00,A,FC_TRA_E,O4630,KTOE,IE,2013,1.303,
ESTAT:TEN00126(1.0),19/01/22 11:00:00,A,FC_TRA_E,O4630,KTOE,IE,2014,2.108,
ESTAT:TEN00126(1.0),19/01/22 11:00:00,A,FC_TRA_E,O4630,KTOE,IE,2015,2.530,
ESTAT:TEN00126(1.0),19/01/22 11:00:00,A,FC_TRA_E,O4630,KTOE,IE,2016,2.549,
ESTAT:TEN00126(1.0),19/01/22 11:00:00,A,FC_TRA_E,O4630,KTOE,IE,2017,2.254,
ESTAT:TEN00126(1.0),19/01/22 11:00:00,A,FC_TRA_E,O4630,KTOE,IE,2018,1.852,
ESTAT:TEN00126(1.0),19/01/22 11:00:00,A,FC_TRA_E,O4630,KTOE,IE,2019,1.629,
ESTAT:TEN00126(1.0),19/01/22 11:00:00,A,FC_TRA_E,O4630,KTOE,IE,2020,0.839,
ESTAT:TEN00126(1.0),19/01/22 11:00:00,A,FC_TRA_E,O4630,KTOE,IS,2009,0.000,
ESTAT:TEN00126(1.0),19/01/22 11:00:00,A,FC_TRA_E,O4630,KTOE,IS,2010,0.000,
ESTAT:TEN00126(1.0),19/01/22 11:00:00,A,FC_TRA_E,O4630,KTOE,IS,2011,0.000,
ESTAT:TEN00126(1.0),19/01/22 11:00:00,A,FC_TRA_E,O4630,KTOE,IS,2012,0.000,
ESTAT:TEN00126(1.0),19/01/22 11:00:00,A,FC_TRA_E,O4630,KTOE,IS,2013,0.000,
ESTAT:TEN00126(1.0),19/01/22 11:00:00,A,FC_TRA_E,O4630,KTOE,IS,2014,0.000,
ESTAT:TEN00126(1.0),19/01/22 11:00:00,A,FC_TRA_E,O4630,KTOE,IS,2015,0.000,
ESTAT:TEN00126(1.0),19/01/22 11:00:00,A,FC_TRA_E,O4630,KTOE,IS,2016,0.000,
ESTAT:TEN00126(1.0),19/01/22 11:00:00,A,FC_TRA_E,O4630,KTOE,IS,2017,0.000,
ESTAT:TEN00126(1.0),19/01/22 11:00:00,A,FC_TRA_E,O4630,KTOE,IS,2018,0.000,
ESTAT:TEN00126(1.0),19/01/22 11:00:00,A,FC_TRA_E,O4630,KTOE,IS,2019,0.000,
ESTAT:TEN00126(1.0),19/01/22 11:00:00,A,FC_TRA_E,O4630,KTOE,IS,2020,0.000,
ESTAT:TEN00126(1.0),19/01/22 11:00:00,A,FC_TRA_E,O4630,KTOE,IT,2009,1204.165,
ESTAT:TEN00126(1.0),19/01/22 11:00:00,A,FC_TRA_E,O4630,KTOE,IT,2010,1333.811,
ESTAT:TEN00126(1.0),19/01/22 11:00:00,A,FC_TRA_E,O4630,KTOE,IT,2011,1392.042,
ESTAT:TEN00126(1.0),19/01/22 11:00:00,A,FC_TRA_E,O4630,KTOE,IT,2012,1483.233,
ESTAT:TEN00126(1.0),19/01/22 11:00:00,A,FC_TRA_E,O4630,KTOE,IT,2013,1688.688,
ESTAT:TEN00126(1.0),19/01/22 11:00:00,A,FC_TRA_E,O4630,KTOE,IT,2014,1718.353,
ESTAT:TEN00126(1.0),19/01/22 11:00:00,A,FC_TRA_E,O4630,KTOE,IT,2015,1817.235,
ESTAT:TEN00126(1.0),19/01/22 11:00:00,A,FC_TRA_E,O4630,KTOE,IT,2016,1755.708,
ESTAT:TEN00126(1.0),19/01/22 11:00:00,A,FC_TRA_E,O4630,KTOE,IT,2017,1831.927,
ESTAT:TEN00126(1.0),19/01/22 11:00:00,A,FC_TRA_E,O4630,KTOE,IT,2018,1773.287,
ESTAT:TEN00126(1.0),19/01/22 11:00:00,A,FC_TRA_E,O4630,KTOE,IT,2019,1816.155,
ESTAT:TEN00126(1.0),19/01/22 11:00:00,A,FC_TRA_E,O4630,KTOE,IT,2020,1438.693,
ESTAT:TEN00126(1.0),19/01/22 11:00:00,A,FC_TRA_E,O4630,KTOE,LT,2009,184.048,
ESTAT:TEN00126(1.0),19/01/22 11:00:00,A,FC_TRA_E,O4630,KTOE,LT,2010,174.069,
ESTAT:TEN00126(1.0),19/01/22 11:00:00,A,FC_TRA_E,O4630,KTOE,LT,2011,162.982,
ESTAT:TEN00126(1.0),19/01/22 11:00:00,A,FC_TRA_E,O4630,KTOE,LT,2012,153.004,
ESTAT:TEN00126(1.0),19/01/22 11:00:00,A,FC_TRA_E,O4630,KTOE,LT,2013,146.351,
ESTAT:TEN00126(1.0),19/01/22 11:00:00,A,FC_TRA_E,O4630,KTOE,LT,2014,143.025,
ESTAT:TEN00126(1.0),19/01/22 11:00:00,A,FC_TRA_E,O4630,KTOE,LT,2015,133.312,
ESTAT:TEN00126(1.0),19/01/22 11:00:00,A,FC_TRA_E,O4630,KTOE,LT,2016,125.663,
ESTAT:TEN00126(1.0),19/01/22 11:00:00,A,FC_TRA_E,O4630,KTOE,LT,2017,116.476,
ESTAT:TEN00126(1.0),19/01/22 11:00:00,A,FC_TRA_E,O4630,KTOE,LT,2018,109.163,
ESTAT:TEN00126(1.0),19/01/22 11:00:00,A,FC_TRA_E,O4630,KTOE,LT,2019,105.120,
ESTAT:TEN00126(1.0),19/01/22 11:00:00,A,FC_TRA_E,O4630,KTOE,LT,2020,96.900,
ESTAT:TEN00126(1.0),19/01/22 11:00:00,A,FC_TRA_E,O4630,KTOE,LU,2009,1.482,
ESTAT:TEN00126(1.0),19/01/22 11:00:00,A,FC_TRA_E,O4630,KTOE,LU,2010,1.485,
ESTAT:TEN00126(1.0),19/01/22 11:00:00,A,FC_TRA_E,O4630,KTOE,LU,2011,0.686,
ESTAT:TEN00126(1.0),19/01/22 11:00:00,A,FC_TRA_E,O4630,KTOE,LU,2012,1.873,
ESTAT:TEN00126(1.0),19/01/22 11:00:00,A,FC_TRA_E,O4630,KTOE,LU,2013,1.284,
ESTAT:TEN00126(1.0),19/01/22 11:00:00,A,FC_TRA_E,O4630,KTOE,LU,2014,1.481,
ESTAT:TEN00126(1.0),19/01/22 11:00:00,A,FC_TRA_E,O4630,KTOE,LU,2015,0.743,
ESTAT:TEN00126(1.0),19/01/22 11:00:00,A,FC_TRA_E,O4630,KTOE,LU,2016,0.803,
ESTAT:TEN00126(1.0),19/01/22 11:00:00,A,FC_TRA_E,O4630,KTOE,LU,2017,0.694,
ESTAT:TEN00126(1.0),19/01/22 11:00:00,A,FC_TRA_E,O4630,KTOE,LU,2018,0.369,
ESTAT:TEN00126(1.0),19/01/22 11:00:00,A,FC_TRA_E,O4630,KTOE,LU,2019,0.323,
ESTAT:TEN00126(1.0),19/01/22 11:00:00,A,FC_TRA_E,O4630,KTOE,LU,2020,0.191,
ESTAT:TEN00126(1.0),19/01/22 11:00:00,A,FC_TRA_E,O4630,KTOE,LV,2009,20.666,
ESTAT:TEN00126(1.0),19/01/22 11:00:00,A,FC_TRA_E,O4630,KTOE,LV,2010,23.929,
ESTAT:TEN00126(1.0),19/01/22 11:00:00,A,FC_TRA_E,O4630,KTOE,LV,2011,28.280,
ESTAT:TEN00126(1.0),19/01/22 11:00:00,A,FC_TRA_E,O4630,KTOE,LV,2012,44.596,
ESTAT:TEN00126(1.0),19/01/22 11:00:00,A,FC_TRA_E,O4630,KTOE,LV,2013,56.561,
ESTAT:TEN00126(1.0),19/01/22 11:00:00,A,FC_TRA_E,O4630,KTOE,LV,2014,63.087,
ESTAT:TEN00126(1.0),19/01/22 11:00:00,A,FC_TRA_E,O4630,KTOE,LV,2015,64.175,
ESTAT:TEN00126(1.0),19/01/22 11:00:00,A,FC_TRA_E,O4630,KTOE,LV,2016,61.999,
ESTAT:TEN00126(1.0),19/01/22 11:00:00,A,FC_TRA_E,O4630,KTOE,LV,2017,58.284,
ESTAT:TEN00126(1.0),19/01/22 11:00:00,A,FC_TRA_E,O4630,KTOE,LV,2018,55.225,
ESTAT:TEN00126(1.0),19/01/22 11:00:00,A,FC_TRA_E,O4630,KTOE,LV,2019,48.432,
ESTAT:TEN00126(1.0),19/01/22 11:00:00,A,FC_TRA_E,O4630,KTOE,LV,2020,43.771,
ESTAT:TEN00126(1.0),19/01/22 11:00:00,A,FC_TRA_E,O4630,KTOE,MD,2010,14.304,
ESTAT:TEN00126(1.0),19/01/22 11:00:00,A,FC_TRA_E,O4630,KTOE,MD,2011,11.003,
ESTAT:TEN00126(1.0),19/01/22 11:00:00,A,FC_TRA_E,O4630,KTOE,MD,2012,14.304,
ESTAT:TEN00126(1.0),19/01/22 11:00:00,A,FC_TRA_E,O4630,KTOE,MD,2013,14.304,
ESTAT:TEN00126(1.0),19/01/22 11:00:00,A,FC_TRA_E,O4630,KTOE,MD,2014,14.304,
ESTAT:TEN00126(1.0),19/01/22 11:00:00,A,FC_TRA_E,O4630,KTOE,MD,2015,15.404,
ESTAT:TEN00126(1.0),19/01/22 11:00:00,A,FC_TRA_E,O4630,KTOE,MD,2016,14.303,
ESTAT:TEN00126(1.0),19/01/22 11:00:00,A,FC_TRA_E,O4630,KTOE,MD,2017,14.303,
ESTAT:TEN00126(1.0),19/01/22 11:00:00,A,FC_TRA_E,O4630,KTOE,MD,2018,13.203,
ESTAT:TEN00126(1.0),19/01/22 11:00:00,A,FC_TRA_E,O4630,KTOE,MD,2019,12.763,
ESTAT:TEN00126(1.0),19/01/22 11:00:00,A,FC_TRA_E,O4630,KTOE,MD,2020,11.992,
ESTAT:TEN00126(1.0),19/01/22 11:00:00,A,FC_TRA_E,O4630,KTOE,ME,2009,0.000,
ESTAT:TEN00126(1.0),19/01/22 11:00:00,A,FC_TRA_E,O4630,KTOE,ME,2010,0.000,
ESTAT:TEN00126(1.0),19/01/22 11:00:00,A,FC_TRA_E,O4630,KTOE,ME,2011,0.000,
ESTAT:TEN00126(1.0),19/01/22 11:00:00,A,FC_TRA_E,O4630,KTOE,ME,2012,0.000,
ESTAT:TEN00126(1.0),19/01/22 11:00:00,A,FC_TRA_E,O4630,KTOE,ME,2013,0.000,
ESTAT:TEN00126(1.0),19/01/22 11:00:00,A,FC_TRA_E,O4630,KTOE,ME,2014,7.840,
ESTAT:TEN00126(1.0),19/01/22 11:00:00,A,FC_TRA_E,O4630,KTOE,ME,2015,8.960,
ESTAT:TEN00126(1.0),19/01/22 11:00:00,A,FC_TRA_E,O4630,KTOE,ME,2016,8.960,
ESTAT:TEN00126(1.0),19/01/22 11:00:00,A,FC_TRA_E,O4630,KTOE,ME,2017,9.296,
ESTAT:TEN00126(1.0),19/01/22 11:00:00,A,FC_TRA_E,O4630,KTOE,ME,2018,9.408,
ESTAT:TEN00126(1.0),19/01/22 11:00:00,A,FC_TRA_E,O4630,KTOE,ME,2019,9.408,
ESTAT:TEN00126(1.0),19/01/22 11:00:00,A,FC_TRA_E,O4630,KTOE,ME,2020,7.728,
ESTAT:TEN00126(1.0),19/01/22 11:00:00,A,FC_TRA_E,O4630,KTOE,MK,2009,49.242,
ESTAT:TEN00126(1.0),19/01/22 11:00:00,A,FC_TRA_E,O4630,KTOE,MK,2010,46.968,
ESTAT:TEN00126(1.0),19/01/22 11:00:00,A,FC_TRA_E,O4630,KTOE,MK,2011,39.142,
ESTAT:TEN00126(1.0),19/01/22 11:00:00,A,FC_TRA_E,O4630,KTOE,MK,2012,36.891,
ESTAT:TEN00126(1.0),19/01/22 11:00:00,A,FC_TRA_E,O4630,KTOE,MK,2013,41.428,
ESTAT:TEN00126(1.0),19/01/22 11:00:00,A,FC_TRA_E,O4630,KTOE,MK,2014,46.915,
ESTAT:TEN00126(1.0),19/01/22 11:00:00,A,FC_TRA_E,O4630,KTOE,MK,2015,53.653,
ESTAT:TEN00126(1.0),19/01/22 11:00:00,A,FC_TRA_E,O4630,KTOE,MK,2016,59.261,
ESTAT:TEN00126(1.0),19/01/22 11:00:00,A,FC_TRA_E,O4630,KTOE,MK,2017,58.134,
ESTAT:TEN00126(1.0),19/01/22 11:00:00,A,FC_TRA_E,O4630,KTOE,MK,2018,58.502,
ESTAT:TEN00126(1.0),19/01/22 11:00:00,A,FC_TRA_E,O4630,KTOE,MK,2019,63.455,
ESTAT:TEN00126(1.0),19/01/22 11:00:00,A,FC_TRA_E,O4630,KTOE,MK,2020,48.638,
ESTAT:TEN00126(1.0),19/01/22 11:00:00,A,FC_TRA_E,O4630,KTOE,MT,2009,0.000,
ESTAT:TEN00126(1.0),19/01/22 11:00:00,A,FC_TRA_E,O4630,KTOE,MT,2010,0.000,
ESTAT:TEN00126(1.0),19/01/22 11:00:00,A,FC_TRA_E,O4630,KTOE,MT,2011,0.000,
ESTAT:TEN00126(1.0),19/01/22 11:00:00,A,FC_TRA_E,O4630,KTOE,MT,2012,0.000,
ESTAT:TEN00126(1.0),19/01/22 11:00:00,A,FC_TRA_E,O4630,KTOE,MT,2013,0.000,
ESTAT:TEN00126(1.0),19/01/22 11:00:00,A,FC_TRA_E,O4630,KTOE,MT,2014,0.000,
ESTAT:TEN00126(1.0),19/01/22 11:00:00,A,FC_TRA_E,O4630,KTOE,MT,2015,0.000,
ESTAT:TEN00126(1.0),19/01/22 11:00:00,A,FC_TRA_E,O4630,KTOE,MT,2016,1.099,
ESTAT:TEN00126(1.0),19/01/22 11:00:00,A,FC_TRA_E,O4630,KTOE,MT,2017,0.689,
ESTAT:TEN00126(1.0),19/01/22 11:00:00,A,FC_TRA_E,O4630,KTOE,MT,2018,0.547,
ESTAT:TEN00126(1.0),19/01/22 11:00:00,A,FC_TRA_E,O4630,KTOE,MT,2019,0.788,
ESTAT:TEN00126(1.0),19/01/22 11:00:00,A,FC_TRA_E,O4630,KTOE,MT,2020,0.709,
ESTAT:TEN00126(1.0),19/01/22 11:00:00,A,FC_TRA_E,O4630,KTOE,NL,2009,367.026,
ESTAT:TEN00126(1.0),19/01/22 11:00:00,A,FC_TRA_E,O4630,KTOE,NL,2010,343.277,
ESTAT:TEN00126(1.0),19/01/22 11:00:00,A,FC_TRA_E,O4630,KTOE,NL,2011,309.813,
ESTAT:TEN00126(1.0),19/01/22 11:00:00,A,FC_TRA_E,O4630,KTOE,NL,2012,304.416,
ESTAT:TEN00126(1.0),19/01/22 11:00:00,A,FC_TRA_E,O4630,KTOE,NL,2013,286.064,
ESTAT:TEN00126(1.0),19/01/22 11:00:00,A,FC_TRA_E,O4630,KTOE,NL,2014,220.216,
ESTAT:TEN00126(1.0),19/01/22 11:00:00,A,FC_TRA_E,O4630,KTOE,NL,2015,192.148,
ESTAT:TEN00126(1.0),19/01/22 11:00:00,A,FC_TRA_E,O4630,KTOE,NL,2016,181.356,
ESTAT:TEN00126(1.0),19/01/22 11:00:00,A,FC_TRA_E,O4630,KTOE,NL,2017,162.997,
ESTAT:TEN00126(1.0),19/01/22 11:00:00,A,FC_TRA_E,O4630,KTOE,NL,2018,148.092,
ESTAT:TEN00126(1.0),19/01/22 11:00:00,A,FC_TRA_E,O4630,KTOE,NL,2019,138.096,
ESTAT:TEN00126(1.0),19/01/22 11:00:00,A,FC_TRA_E,O4630,KTOE,NL,2020,115.914,
ESTAT:TEN00126(1.0),19/01/22 11:00:00,A,FC_TRA_E,O4630,KTOE,NO,2009,2.202,
ESTAT:TEN00126(1.0),19/01/22 11:00:00,A,FC_TRA_E,O4630,KTOE,NO,2010,2.202,
ESTAT:TEN00126(1.0),19/01/22 11:00:00,A,FC_TRA_E,O4630,KTOE,NO,2011,2.202,
ESTAT:TEN00126(1.0),19/01/22 11:00:00,A,FC_TRA_E,O4630,KTOE,NO,2012,2.202,
ESTAT:TEN00126(1.0),19/01/22 11:00:00,A,FC_TRA_E,O4630,KTOE,NO,2013,2.202,
ESTAT:TEN00126(1.0),19/01/22 11:00:00,A,FC_TRA_E,O4630,KTOE,NO,2014,2.202,
ESTAT:TEN00126(1.0),19/01/22 11:00:00,A,FC_TRA_E,O4630,KTOE,NO,2015,4.404,
ESTAT:TEN00126(1.0),19/01/22 11:00:00,A,FC_TRA_E,O4630,KTOE,NO,2016,4.404,
ESTAT:TEN00126(1.0),19/01/22 11:00:00,A,FC_TRA_E,O4630,KTOE,NO,2017,7.708,
ESTAT:TEN00126(1.0),19/01/22 11:00:00,A,FC_TRA_E,O4630,KTOE,NO,2018,7.708,
ESTAT:TEN00126(1.0),19/01/22 11:00:00,A,FC_TRA_E,O4630,KTOE,NO,2019,5.140,
ESTAT:TEN00126(1.0),19/01/22 11:00:00,A,FC_TRA_E,O4630,KTOE,NO,2020,5.962,
ESTAT:TEN00126(1.0),19/01/22 11:00:00,A,FC_TRA_E,O4630,KTOE,PL,2009,1816.136,
ESTAT:TEN00126(1.0),19/01/22 11:00:00,A,FC_TRA_E,O4630,KTOE,PL,2010,1823.827,
ESTAT:TEN00126(1.0),19/01/22 11:00:00,A,FC_TRA_E,O4630,KTOE,PL,2011,1766.695,
ESTAT:TEN00126(1.0),19/01/22 11:00:00,A,FC_TRA_E,O4630,KTOE,PL,2012,1764.498,
ESTAT:TEN00126(1.0),19/01/22 11:00:00,A,FC_TRA_E,O4630,KTOE,PL,2013,1750.215,
ESTAT:TEN00126(1.0),19/01/22 11:00:00,A,FC_TRA_E,O4630,KTOE,PL,2014,1763.399,
ESTAT:TEN00126(1.0),19/01/22 11:00:00,A,FC_TRA_E,O4630,KTOE,PL,2015,1790.867,
ESTAT:TEN00126(1.0),19/01/22 11:00:00,A,FC_TRA_E,O4630,KTOE,PL,2016,1896.341,
ESTAT:TEN00126(1.0),19/01/22 11:00:00,A,FC_TRA_E,O4630,KTOE,PL,2017,2012.302,
ESTAT:TEN00126(1.0),19/01/22 11:00:00,A,FC_TRA_E,O4630,KTOE,PL,2018,2039.495,
ESTAT:TEN00126(1.0),19/01/22 11:00:00,A,FC_TRA_E,O4630,KTOE,PL,2019,2125.967,
ESTAT:TEN00126(1.0),19/01/22 11:00:00,A,FC_TRA_E,O4630,KTOE,PL,2020,1906.229,
ESTAT:TEN00126(1.0),19/01/22 11:00:00,A,FC_TRA_E,O4630,KTOE,PT,2009,32.961,
ESTAT:TEN00126(1.0),19/01/22 11:00:00,A,FC_TRA_E,O4630,KTOE,PT,2010,31.862,
ESTAT:TEN00126(1.0),19/01/22 11:00:00,A,FC_TRA_E,O4630,KTOE,PT,2011,27.467,
ESTAT:TEN00126(1.0),19/01/22 11:00:00,A,FC_TRA_E,O4630,KTOE,PT,2012,34.059,
ESTAT:TEN00126(1.0),19/01/22 11:00:00,A,FC_TRA_E,O4630,KTOE,PT,2013,36.257,
ESTAT:TEN00126(1.0),19/01/22 11:00:00,A,FC_TRA_E,O4630,KTOE,PT,2014,37.355,
ESTAT:TEN00126(1.0),19/01/22 11:00:00,A,FC_TRA_E,O4630,KTOE,PT,2015,39.553,
ESTAT:TEN00126(1.0),19/01/22 11:00:00,A,FC_TRA_E,O4630,KTOE,PT,2016,40.652,
ESTAT:TEN00126(1.0),19/01/22 11:00:00,A,FC_TRA_E,O4630,KTOE,PT,2017,40.609,
ESTAT:TEN00126(1.0),19/01/22 11:00:00,A,FC_TRA_E,O4630,KTOE,PT,2018,39.859,
ESTAT:TEN00126(1.0),19/01/22 11:00:00,A,FC_TRA_E,O4630,KTOE,PT,2019,40.839,
ESTAT:TEN00126(1.0),19/01/22 11:00:00,A,FC_TRA_E,O4630,KTOE,PT,2020,30.791,
ESTAT:TEN00126(1.0),19/01/22 11:00:00,A,FC_TRA_E,O4630,KTOE,RO,2009,74.742,
ESTAT:TEN00126(1.0),19/01/22 11:00:00,A,FC_TRA_E,O4630,KTOE,RO,2010,19.545,
ESTAT:TEN00126(1.0),19/01/22 11:00:00,A,FC_TRA_E,O4630,KTOE,RO,2011,82.779,
ESTAT:TEN00126(1.0),19/01/22 11:00:00,A,FC_TRA_E,O4630,KTOE,RO,2012,57.485,
ESTAT:TEN00126(1.0),19/01/22 11:00:00,A,FC_TRA_E,O4630,KTOE,RO,2013,52.887,
ESTAT:TEN00126(1.0),19/01/22 11:00:00,A,FC_TRA_E,O4630,KTOE,RO,2014,58.635,
ESTAT:TEN00126(1.0),19/01/22 11:00:00,A,FC_TRA_E,O4630,KTOE,RO,2015,63.234,
ESTAT:TEN00126(1.0),19/01/22 11:00:00,A,FC_TRA_E,O4630,KTOE,RO,2016,74.731,
ESTAT:TEN00126(1.0),19/01/22 11:00:00,A,FC_TRA_E,O4630,KTOE,RO,2017,90.120,
ESTAT:TEN00126(1.0),19/01/22 11:00:00,A,FC_TRA_E,O4630,KTOE,RO,2018,93.719,
ESTAT:TEN00126(1.0),19/01/22 11:00:00,A,FC_TRA_E,O4630,KTOE,RO,2019,98.626,
ESTAT:TEN00126(1.0),19/01/22 11:00:00,A,FC_TRA_E,O4630,KTOE,RO,2020,88.478,
ESTAT:TEN00126(1.0),19/01/22 11:00:00,A,FC_TRA_E,O4630,KTOE,RS,2009,382.345,
ESTAT:TEN00126(1.0),19/01/22 11:00:00,A,FC_TRA_E,O4630,KTOE,RS,2010,336.741,
ESTAT:TEN00126(1.0),19/01/22 11:00:00,A,FC_TRA_E,O4630,KTOE,RS,2011,307.361,
ESTAT:TEN00126(1.0),19/01/22 11:00:00,A,FC_TRA_E,O4630,KTOE,RS,2012,296.061,
ESTAT:TEN00126(1.0),19/01/22 11:00:00,A,FC_TRA_E,O4630,KTOE,RS,2013,265.551,
ESTAT:TEN00126(1.0),19/01/22 11:00:00,A,FC_TRA_E,O4630,KTOE,RS,2014,245.211,
ESTAT:TEN00126(1.0),19/01/22 11:00:00,A,FC_TRA_E,O4630,KTOE,RS,2015,189.841,
ESTAT:TEN00126(1.0),19/01/22 11:00:00,A,FC_TRA_E,O4630,KTOE,RS,2016,167.241,
ESTAT:TEN00126(1.0),19/01/22 11:00:00,A,FC_TRA_E,O4630,KTOE,RS,2017,132.904,
ESTAT:TEN00126(1.0),19/01/22 11:00:00,A,FC_TRA_E,O4630,KTOE,RS,2018,81.488,
ESTAT:TEN00126(1.0),19/01/22 11:00:00,A,FC_TRA_E,O4630,KTOE,RS,2019,100.776,
ESTAT:TEN00126(1.0),19/01/22 11:00:00,A,FC_TRA_E,O4630,KTOE,RS,2020,75.891,
ESTAT:TEN00126(1.0),19/01/22 11:00:00,A,FC_TRA_E,O4630,KTOE,SE,2009,1.039,
ESTAT:TEN00126(1.0),19/01/22 11:00:00,A,FC_TRA_E,O4630,KTOE,SE,2010,1.097,
ESTAT:TEN00126(1.0),19/01/22 11:00:00,A,FC_TRA_E,O4630,KTOE,SE,2011,1.018,
ESTAT:TEN00126(1.0),19/01/22 11:00:00,A,FC_TRA_E,O4630,KTOE,SE,2012,0.634,
ESTAT:TEN00126(1.0),19/01/22 11:00:00,A,FC_TRA_E,O4630,KTOE,SE,2013,0.331,
ESTAT:TEN00126(1.0),19/01/22 11:00:00,A,FC_TRA_E,O4630,KTOE,SE,2014,0.389,
ESTAT:TEN00126(1.0),19/01/22 11:00:00,A,FC_TRA_E,O4630,KTOE,SE,2015,2.171,
ESTAT:TEN00126(1.0),19/01/22 11:00:00,A,FC_TRA_E,O4630,KTOE,SE,2016,0.763,
ESTAT:TEN00126(1.0),19/01/22 11:00:00,A,FC_TRA_E,O4630,KTOE,SE,2017,0.000,
ESTAT:TEN00126(1.0),19/01/22 11:00:00,A,FC_TRA_E,O4630,KTOE,SE,2018,0.000,
ESTAT:TEN00126(1.0),19/01/22 11:00:00,A,FC_TRA_E,O4630,KTOE,SE,2019,0.000,
ESTAT:TEN00126(1.0),19/01/22 11:00:00,A,FC_TRA_E,O4630,KTOE,SE,2020,0.000,
ESTAT:TEN00126(1.0),19/01/22 11:00:00,A,FC_TRA_E,O4630,KTOE,SI,2009,4.400,
ESTAT:TEN00126(1.0),19/01/22 11:00:00,A,FC_TRA_E,O4630,KTOE,SI,2010,5.499,
ESTAT:TEN00126(1.0),19/01/22 11:00:00,A,FC_TRA_E,O4630,KTOE,SI,2011,6.599,
ESTAT:TEN00126(1.0),19/01/22 11:00:00,A,FC_TRA_E,O4630,KTOE,SI,2012,8.799,
ESTAT:TEN00126(1.0),19/01/22 11:00:00,A,FC_TRA_E,O4630,KTOE,SI,2013,12.099,
ESTAT:TEN00126(1.0),19/01/22 11:00:00,A,FC_TRA_E,O4630,KTOE,SI,2014,13.199,
ESTAT:TEN00126(1.0),19/01/22 11:00:00,A,FC_TRA_E,O4630,KTOE,SI,2015,14.299,
ESTAT:TEN00126(1.0),19/01/22 11:00:00,A,FC_TRA_E,O4630,KTOE,SI,2016,15.398,
ESTAT:TEN00126(1.0),19/01/22 11:00:00,A,FC_TRA_E,O4630,KTOE,SI,2017,15.097,
ESTAT:TEN00126(1.0),19/01/22 11:00:00,A,FC_TRA_E,O4630,KTOE,SI,2018,14.855,
ESTAT:TEN00126(1.0),19/01/22 11:00:00,A,FC_TRA_E,O4630,KTOE,SI,2019,14.231,
ESTAT:TEN00126(1.0),19/01/22 11:00:00,A,FC_TRA_E,O4630,KTOE,SI,2020,9.151,
ESTAT:TEN00126(1.0),19/01/22 11:00:00,A,FC_TRA_E,O4630,KTOE,SK,2009,1.099,
ESTAT:TEN00126(1.0),19/01/22 11:00:00,A,FC_TRA_E,O4630,KTOE,SK,2010,2.197,
ESTAT:TEN00126(1.0),19/01/22 11:00:00,A,FC_TRA_E,O4630,KTOE,SK,2011,31.862,
ESTAT:TEN00126(1.0),19/01/22 11:00:00,A,FC_TRA_E,O4630,KTOE,SK,2012,34.059,
ESTAT:TEN00126(1.0),19/01/22 11:00:00,A,FC_TRA_E,O4630,KTOE,SK,2013,36.257,
ESTAT:TEN00126(1.0),19/01/22 11:00:00,A,FC_TRA_E,O4630,KTOE,SK,2014,32.961,
ESTAT:TEN00126(1.0),19/01/22 11:00:00,A,FC_TRA_E,O4630,KTOE,SK,2015,37.355,
ESTAT:TEN00126(1.0),19/01/22 11:00:00,A,FC_TRA_E,O4630,KTOE,SK,2016,36.257,
ESTAT:TEN00126(1.0),19/01/22 11:00:00,A,FC_TRA_E,O4630,KTOE,SK,2017,34.059,
ESTAT:TEN00126(1.0),19/01/22 11:00:00,A,FC_TRA_E,O4630,KTOE,SK,2018,35.158,
ESTAT:TEN00126(1.0),19/01/22 11:00:00,A,FC_TRA_E,O4630,KTOE,SK,2019,35.158,
ESTAT:TEN00126(1.0),19/01/22 11:00:00,A,FC_TRA_E,O4630,KTOE,SK,2020,34.059,
ESTAT:TEN00126(1.0),19/01/22 11:00:00,A,FC_TRA_E,O4630,KTOE,TR,2009,2604.053,
ESTAT:TEN00126(1.0),19/01/22 11:00:00,A,FC_TRA_E,O4630,KTOE,TR,2010,2660.540,
ESTAT:TEN00126(1.0),19/01/22 11:00:00,A,FC_TRA_E,O4630,KTOE,TR,2011,2826.612,
ESTAT:TEN00126(1.0),19/01/22 11:00:00,A,FC_TRA_E,O4630,KTOE,TR,2012,3028.470,
ESTAT:TEN00126(1.0),19/01/22 11:00:00,A,FC_TRA_E,O4630,KTOE,TR,2013,3052.210,
ESTAT:TEN00126(1.0),19/01/22 11:00:00,A,FC_TRA_E,O4630,KTOE,TR,2014,3207.561,
ESTAT:TEN00126(1.0),19/01/22 11:00:00,A,FC_TRA_E,O4630,KTOE,TR,2015,3412.199,
ESTAT:TEN00126(1.0),19/01/22 11:00:00,A,FC_TRA_E,O4630,KTOE,TR,2016,3599.513,
ESTAT:TEN00126(1.0),19/01/22 11:00:00,A,FC_TRA_E,O4630,KTOE,TR,2017,3522.533,
ESTAT:TEN00126(1.0),19/01/22 11:00:00,A,FC_TRA_E,O4630,KTOE,TR,2018,3701.099,
ESTAT:TEN00126(1.0),19/01/22 11:00:00,A,FC_TRA_E,O4630,KTOE,TR,2019,3789.152,
ESTAT:TEN00126(1.0),19/01/22 11:00:00,A,FC_TRA_E,O4630,KTOE,TR,2020,3462.886,
ESTAT:TEN00126(1.0),19/01/22 11:00:00,A,FC_TRA_E,O4630,KTOE,UA,2009,755.899,
ESTAT:TEN00126(1.0),19/01/22 11:00:00,A,FC_TRA_E,O4630,KTOE,UA,2010,717.445,
ESTAT:TEN00126(1.0),19/01/22 11:00:00,A,FC_TRA_E,O4630,KTOE,UA,2011,742.715,
ESTAT:TEN00126(1.0),19/01/22 11:00:00,A,FC_TRA_E,O4630,KTOE,UA,2012,804.242,
ESTAT:TEN00126(1.0),19/01/22 11:00:00,A,FC_TRA_E,O4630,KTOE,UA,2013,876.756,
ESTAT:TEN00126(1.0),19/01/22 11:00:00,A,FC_TRA_E,O4630,KTOE,UA,2014,845.992,
ESTAT:TEN00126(1.0),19/01/22 11:00:00,A,FC_TRA_E,O4630,KTOE,UA,2015,844.893,
ESTAT:TEN00126(1.0),19/01/22 11:00:00,A,FC_TRA_E,O4630,KTOE,UA,2016,1318.429,
ESTAT:TEN00126(1.0),19/01/22 11:00:00,A,FC_TRA_E,O4630,KTOE,UA,2017,1633.754,
ESTAT:TEN00126(1.0),19/01/22 11:00:00,A,FC_TRA_E,O4630,KTOE,UA,2018,1732.416,
ESTAT:TEN00126(1.0),19/01/22 11:00:00,A,FC_TRA_E,O4630,KTOE,UA,2019,1977.644,
ESTAT:TEN00126(1.0),19/01/22 11:00:00,A,FC_TRA_E,O4630,KTOE,UA,2020,1344.798,
ESTAT:TEN00126(1.0),19/01/22 11:00:00,A,FC_TRA_E,O4630,KTOE,UK,2009,117.468,
ESTAT:TEN00126(1.0),19/01/22 11:00:00,A,FC_TRA_E,O4630,KTOE,UK,2010,116.208,
ESTAT:TEN00126(1.0),19/01/22 11:00:00,A,FC_TRA_E,O4630,KTOE,UK,2011,107.749,
ESTAT:TEN00126(1.0),19/01/22 11:00:00,A,FC_TRA_E,O4630,KTOE,UK,2012,102.043,
ESTAT:TEN00126(1.0),19/01/22 11:00:00,A,FC_TRA_E,O4630,KTOE,UK,2013,103.178,
ESTAT:TEN00126(1.0),19/01/22 11:00:00,A,FC_TRA_E,O4630,KTOE,UK,2014,96.609,
ESTAT:TEN00126(1.0),19/01/22 11:00:00,A,FC_TRA_E,O4630,KTOE,UK,2015,89.916,
ESTAT:TEN00126(1.0),19/01/22 11:00:00,A,FC_TRA_E,O4630,KTOE,UK,2016,77.864,
ESTAT:TEN00126(1.0),19/01/22 11:00:00,A,FC_TRA_E,O4630,KTOE,UK,2017,74.209,
ESTAT:TEN00126(1.0),19/01/22 11:00:00,A,FC_TRA_E,O4630,KTOE,UK,2018,64.704,
ESTAT:TEN00126(1.0),19/01/22 11:00:00,A,FC_TRA_E,O4630,KTOE,UK,2019,67.304,
ESTAT:TEN00126(1.0),19/01/22 11:00:00,A,FC_TRA_E,O4630,KTOE,XK,2009,13.439,
ESTAT:TEN00126(1.0),19/01/22 11:00:00,A,FC_TRA_E,O4630,KTOE,XK,2010,13.439,
ESTAT:TEN00126(1.0),19/01/22 11:00:00,A,FC_TRA_E,O4630,KTOE,XK,2011,13.189,
ESTAT:TEN00126(1.0),19/01/22 11:00:00,A,FC_TRA_E,O4630,KTOE,XK,2012,12.090,
ESTAT:TEN00126(1.0),19/01/22 11:00:00,A,FC_TRA_E,O4630,KTOE,XK,2013,9.892,
ESTAT:TEN00126(1.0),19/01/22 11:00:00,A,FC_TRA_E,O4630,KTOE,XK,2014,7.694,
ESTAT:TEN00126(1.0),19/01/22 11:00:00,A,FC_TRA_E,O4630,KTOE,XK,2015,8.793,
ESTAT:TEN00126(1.0),19/01/22 11:00:00,A,FC_TRA_E,O4630,KTOE,XK,2016,8.793,
ESTAT:TEN00126(1.0),19/01/22 11:00:00,A,FC_TRA_E,O4630,KTOE,XK,2017,8.411,
ESTAT:TEN00126(1.0),19/01/22 11:00:00,A,FC_TRA_E,O4630,KTOE,XK,2018,8.053,
ESTAT:TEN00126(1.0),19/01/22 11:00:00,A,FC_TRA_E,O4630,KTOE,XK,2019,6.947,
ESTAT:TEN00126(1.0),19/01/22 11:00:00,A,FC_TRA_E,O4630,KTOE,XK,2020,7.202,
ESTAT:TEN00126(1.0),19/01/22 11:00:00,A,FC_TRA_E,O4652XR5210B,KTOE,AL,2009,103.927,
ESTAT:TEN00126(1.0),19/01/22 11:00:00,A,FC_TRA_E,O4652XR5210B,KTOE,AL,2010,125.136,
ESTAT:TEN00126(1.0),19/01/22 11:00:00,A,FC_TRA_E,O4652XR5210B,KTOE,AL,2011,115.592,
ESTAT:TEN00126(1.0),19/01/22 11:00:00,A,FC_TRA_E,O4652XR5210B,KTOE,AL,2012,100.745,
ESTAT:TEN00126(1.0),19/01/22 11:00:00,A,FC_TRA_E,O4652XR5210B,KTOE,AL,2013,114.531,
ESTAT:TEN00126(1.0),19/01/22 11:00:00,A,FC_TRA_E,O4652XR5210B,KTOE,AL,2014,114.531,
ESTAT:TEN00126(1.0),19/01/22 11:00:00,A,FC_TRA_E,O4652XR5210B,KTOE,AL,2015,113.471,
ESTAT:TEN00126(1.0),19/01/22 11:00:00,A,FC_TRA_E,O4652XR5210B,KTOE,AL,2016,103.927,
ESTAT:TEN00126(1.0),19/01/22 11:00:00,A,FC_TRA_E,O4652XR5210B,KTOE,AL,2017,101.891,
ESTAT:TEN00126(1.0),19/01/22 11:00:00,A,FC_TRA_E,O4652XR5210B,KTOE,AL,2018,105.348,
ESTAT:TEN00126(1.0),19/01/22 11:00:00,A,FC_TRA_E,O4652XR5210B,KTOE,AL,2019,104.987,
ESTAT:TEN00126(1.0),19/01/22 11:00:00,A,FC_TRA_E,O4652XR5210B,KTOE,AL,2020,75.739,
ESTAT:TEN00126(1.0),19/01/22 11:00:00,A,FC_TRA_E,O4652XR5210B,KTOE,AT,2009,1777.388,
ESTAT:TEN00126(1.0),19/01/22 11:00:00,A,FC_TRA_E,O4652XR5210B,KTOE,AT,2010,1766.619,
ESTAT:TEN00126(1.0),19/01/22 11:00:00,A,FC_TRA_E,O4652XR5210B,KTOE,AT,2011,1634.746,
ESTAT:TEN00126(1.0),19/01/22 11:00:00,A,FC_TRA_E,O4652XR5210B,KTOE,AT,2012,1588.217,
ESTAT:TEN00126(1.0),19/01/22 11:00:00,A,FC_TRA_E,O4652XR5210B,KTOE,AT,2013,1557.190,
ESTAT:TEN00126(1.0),19/01/22 11:00:00,A,FC_TRA_E,O4652XR5210B,KTOE,AT,2014,1526.598,
ESTAT:TEN00126(1.0),19/01/22 11:00:00,A,FC_TRA_E,O4652XR5210B,KTOE,AT,2015,1542.299,
ESTAT:TEN00126(1.0),19/01/22 11:00:00,A,FC_TRA_E,O4652XR5210B,KTOE,AT,2016,1524.212,
ESTAT:TEN00126(1.0),19/01/22 11:00:00,A,FC_TRA_E,O4652XR5210B,KTOE,AT,2017,1507.224,
ESTAT:TEN00126(1.0),19/01/22 11:00:00,A,FC_TRA_E,O4652XR5210B,KTOE,AT,2018,1565.590,
ESTAT:TEN00126(1.0),19/01/22 11:00:00,A,FC_TRA_E,O4652XR5210B,KTOE,AT,2019,1559.154,
ESTAT:TEN00126(1.0),19/01/22 11:00:00,A,FC_TRA_E,O4652XR5210B,KTOE,AT,2020,1293.104,
ESTAT:TEN00126(1.0),19/01/22 11:00:00,A,FC_TRA_E,O4652XR5210B,KTOE,BA,2014,200.088,
ESTAT:TEN00126(1.0),19/01/22 11:00:00,A,FC_TRA_E,O4652XR5210B,KTOE,BA,2015,205.409,
ESTAT:TEN00126(1.0),19/01/22 11:00:00,A,FC_TRA_E,O4652XR5210B,KTOE,BA,2016,210.731,
ESTAT:TEN00126(1.0),19/01/22 11:00:00,A,FC_TRA_E,O4652XR5210B,KTOE,BA,2017,200.088,
ESTAT:TEN00126(1.0),19/01/22 11:00:00,A,FC_TRA_E,O4652XR5210B,KTOE,BA,2018,189.080,
ESTAT:TEN00126(1.0),19/01/22 11:00:00,A,FC_TRA_E,O4652XR5210B,KTOE,BA,2019,181.064,
ESTAT:TEN00126(1.0),19/01/22 11:00:00,A,FC_TRA_E,O4652XR5210B,KTOE,BE,2009,1389.456,
ESTAT:TEN00126(1.0),19/01/22 11:00:00,A,FC_TRA_E,O4652XR5210B,KTOE,BE,2010,1235.456,
ESTAT:TEN00126(1.0),19/01/22 11:00:00,A,FC_TRA_E,O4652XR5210B,KTOE,BE,2011,1187.563,
ESTAT:TEN00126(1.0),19/01/22 11:00:00,A,FC_TRA_E,O4652XR5210B,KTOE,BE,2012,1156.503,
ESTAT:TEN00126(1.0),19/01/22 11:00:00,A,FC_TRA_E,O4652XR5210B,KTOE,BE,2013,1154.237,
ESTAT:TEN00126(1.0),19/01/22 11:00:00,A,FC_TRA_E,O4652XR5210B,KTOE,BE,2014,1242.117,
ESTAT:TEN00126(1.0),19/01/22 11:00:00,A,FC_TRA_E,O4652XR5210B,KTOE,BE,2015,1323.754,
ESTAT:TEN00126(1.0),19/01/22 11:00:00,A,FC_TRA_E,O4652XR5210B,KTOE,BE,2016,1431.717,
ESTAT:TEN00126(1.0),19/01/22 11:00:00,A,FC_TRA_E,O4652XR5210B,KTOE,BE,2017,1431.737,
ESTAT:TEN00126(1.0),19/01/22 11:00:00,A,FC_TRA_E,O4652XR5210B,KTOE,BE,2018,1603.647,
ESTAT:TEN00126(1.0),19/01/22 11:00:00,A,FC_TRA_E,O4652XR5210B,KTOE,BE,2019,1800.711,
ESTAT:TEN00126(1.0),19/01/22 11:00:00,A,FC_TRA_E,O4652XR5210B,KTOE,BE,2020,1489.525,
ESTAT:TEN00126(1.0),19/01/22 11:00:00,A,FC_TRA_E,O4652XR5210B,KTOE,BG,2009,647.368,
ESTAT:TEN00126(1.0),19/01/22 11:00:00,A,FC_TRA_E,O4652XR5210B,KTOE,BG,2010,610.586,
ESTAT:TEN00126(1.0),19/01/22 11:00:00,A,FC_TRA_E,O4652XR5210B,KTOE,BG,2011,564.345,
ESTAT:TEN00126(1.0),19/01/22 11:00:00,A,FC_TRA_E,O4652XR5210B,KTOE,BG,2012,540.174,
ESTAT:TEN00126(1.0),19/01/22 11:00:00,A,FC_TRA_E,O4652XR5210B,KTOE,BG,2013,442.438,
ESTAT:TEN00126(1.0),19/01/22 11:00:00,A,FC_TRA_E,O4652XR5210B,KTOE,BG,2014,505.493,
ESTAT:TEN00126(1.0),19/01/22 11:00:00,A,FC_TRA_E,O4652XR5210B,KTOE,BG,2015,520.206,
ESTAT:TEN00126(1.0),19/01/22 11:00:00,A,FC_TRA_E,O4652XR5210B,KTOE,BG,2016,492.882,
ESTAT:TEN00126(1.0),19/01/22 11:00:00,A,FC_TRA_E,O4652XR5210B,KTOE,BG,2017,504.957,
ESTAT:TEN00126(1.0),19/01/22 11:00:00,A,FC_TRA_E,O4652XR5210B,KTOE,BG,2018,477.508,
ESTAT:TEN00126(1.0),19/01/22 11:00:00,A,FC_TRA_E,O4652XR5210B,KTOE,BG,2019,472.814,
ESTAT:TEN00126(1.0),19/01/22 11:00:00,A,FC_TRA_E,O4652XR5210B,KTOE,BG,2020,459.238,
ESTAT:TEN00126(1.0),19/01/22 11:00:00,A,FC_TRA_E,O4652XR5210B,KTOE,CY,2009,405.247,
ESTAT:TEN00126(1.0),19/01/22 11:00:00,A,FC_TRA_E,O4652XR5210B,KTOE,CY,2010,412.654,
ESTAT:TEN00126(1.0),19/01/22 11:00:00,A,FC_TRA_E,O4652XR5210B,KTOE,CY,2011,407.364,
ESTAT:TEN00126(1.0),19/01/22 11:00:00,A,FC_TRA_E,O4652XR5210B,KTOE,CY,2012,393.608,
ESTAT:TEN00126(1.0),19/01/22 11:00:00,A,FC_TRA_E,O4652XR5210B,KTOE,CY,2013,369.272,
ESTAT:TEN00126(1.0),19/01/22 11:00:00,A,FC_TRA_E,O4652XR5210B,KTOE,CY,2014,360.808,
ESTAT:TEN00126(1.0),19/01/22 11:00:00,A,FC_TRA_E,O4652XR5210B,KTOE,CY,2015,365.040,
ESTAT:TEN00126(1.0),19/01/22 11:00:00,A,FC_TRA_E,O4652XR5210B,KTOE,CY,2016,374.563,
ESTAT:TEN00126(1.0),19/01/22 11:00:00,A,FC_TRA_E,O4652XR5210B,KTOE,CY,2017,371.281,
ESTAT:TEN00126(1.0),19/01/22 11:00:00,A,FC_TRA_E,O4652XR5210B,KTOE,CY,2018,361.447,
ESTAT:TEN00126(1.0),19/01/22 11:00:00,A,FC_TRA_E,O4652XR5210B,KTOE,CY,2019,356.235,
ESTAT:TEN00126(1.0),19/01/22 11:00:00,A,FC_TRA_E,O4652XR5210B,KTOE,CY,2020,301.006,
ESTAT:TEN00126(1.0),19/01/22 11:00:00,A,FC_TRA_E,O4652XR5210B,KTOE,CZ,2009,2056.983,
ESTAT:TEN00126(1.0),19/01/22 11:00:00,A,FC_TRA_E,O4652XR5210B,KTOE,CZ,2010,1867.954,
ESTAT:TEN00126(1.0),19/01/22 11:00:00,A,FC_TRA_E,O4652XR5210B,KTOE,CZ,2011,1795.898,
ESTAT:TEN00126(1.0),19/01/22 11:00:00,A,FC_TRA_E,O4652XR5210B,KTOE,CZ,2012,1673.970,
ESTAT:TEN00126(1.0),19/01/22 11:00:00,A,FC_TRA_E,O4652XR5210B,KTOE,CZ,2013,1573.909,
ESTAT:TEN00126(1.0),19/01/22 11:00:00,A,FC_TRA_E,O4652XR5210B,KTOE,CZ,2014,1557.936,
ESTAT:TEN00126(1.0),19/01/22 11:00:00,A,FC_TRA_E,O4652XR5210B,KTOE,CZ,2015,1570.454,
ESTAT:TEN00126(1.0),19/01/22 11:00:00,A,FC_TRA_E,O4652XR5210B,KTOE,CZ,2016,1617.440,
ESTAT:TEN00126(1.0),19/01/22 11:00:00,A,FC_TRA_E,O4652XR5210B,KTOE,CZ,2017,1600.258,
ESTAT:TEN00126(1.0),19/01/22 11:00:00,A,FC_TRA_E,O4652XR5210B,KTOE,CZ,2018,1601.411,
ESTAT:TEN00126(1.0),19/01/22 11:00:00,A,FC_TRA_E,O4652XR5210B,KTOE,CZ,2019,1601.624,
ESTAT:TEN00126(1.0),19/01/22 11:00:00,A,FC_TRA_E,O4652XR5210B,KTOE,CZ,2020,1455.951,
ESTAT:TEN00126(1.0),19/01/22 11:00:00,A,FC_TRA_E,O4652XR5210B,KTOE,DE,2009,19720.607,
ESTAT:TEN00126(1.0),19/01/22 11:00:00,A,FC_TRA_E,O4652XR5210B,KTOE,DE,2010,18859.481,
ESTAT:TEN00126(1.0),19/01/22 11:00:00,A,FC_TRA_E,O4652XR5210B,KTOE,DE,2011,18779.401,
ESTAT:TEN00126(1.0),19/01/22 11:00:00,A,FC_TRA_E,O4652XR5210B,KTOE,DE,2012,17617.713,
ESTAT:TEN00126(1.0),19/01/22 11:00:00,A,FC_TRA_E,O4652XR5210B,KTOE,DE,2013,17590.673,
ESTAT:TEN00126(1.0),19/01/22 11:00:00,A,FC_TRA_E,O4652XR5210B,KTOE,DE,2014,17682.194,
ESTAT:TEN00126(1.0),19/01/22 11:00:00,A,FC_TRA_E,O4652XR5210B,KTOE,DE,2015,16926.336,
ESTAT:TEN00126(1.0),19/01/22 11:00:00,A,FC_TRA_E,O4652XR5210B,KTOE,DE,2016,16938.454,
ESTAT:TEN00126(1.0),19/01/22 11:00:00,A,FC_TRA_E,O4652XR5210B,KTOE,DE,2017,17186.881,
ESTAT:TEN00126(1.0),19/01/22 11:00:00,A,FC_TRA_E,O4652XR5210B,KTOE,DE,2018,16413.325,
ESTAT:TEN00126(1.0),19/01/22 11:00:00,A,FC_TRA_E,O4652XR5210B,KTOE,DE,2019,16585.002,
ESTAT:TEN00126(1.0),19/01/22 11:00:00,A,FC_TRA_E,O4652XR5210B,KTOE,DE,2020,14914.686,
ESTAT:TEN00126(1.0),19/01/22 11:00:00,A,FC_TRA_E,O4652XR5210B,KTOE,DK,2009,1692.663,
ESTAT:TEN00126(1.0),19/01/22 11:00:00,A,FC_TRA_E,O4652XR5210B,KTOE,DK,2010,1574.448,
ESTAT:TEN00126(1.0),19/01/22 11:00:00,A,FC_TRA_E,O4652XR5210B,KTOE,DK,2011,1540.972,
ESTAT:TEN00126(1.0),19/01/22 11:00:00,A,FC_TRA_E,O4652XR5210B,KTOE,DK,2012,1381.958,
ESTAT:TEN00126(1.0),19/01/22 11:00:00,A,FC_TRA_E,O4652XR5210B,KTOE,DK,2013,1335.927,
ESTAT:TEN00126(1.0),19/01/22 11:00:00,A,FC_TRA_E,O4652XR5210B,KTOE,DK,2014,1321.281,
ESTAT:TEN00126(1.0),19/01/22 11:00:00,A,FC_TRA_E,O4652XR5210B,KTOE,DK,2015,1389.281,
ESTAT:TEN00126(1.0),19/01/22 11:00:00,A,FC_TRA_E,O4652XR5210B,KTOE,DK,2016,1377.773,
ESTAT:TEN00126(1.0),19/01/22 11:00:00,A,FC_TRA_E,O4652XR5210B,KTOE,DK,2017,1312.181,
ESTAT:TEN00126(1.0),19/01/22 11:00:00,A,FC_TRA_E,O4652XR5210B,KTOE,DK,2018,1316.362,
ESTAT:TEN00126(1.0),19/01/22 11:00:00,A,FC_TRA_E,O4652XR5210B,KTOE,DK,2019,1317.574,
ESTAT:TEN00126(1.0),19/01/22 11:00:00,A,FC_TRA_E,O4652XR5210B,KTOE,DK,2020,1175.529,
ESTAT:TEN00126(1.0),19/01/22 11:00:00,A,FC_TRA_E,O4652XR5210B,KTOE,EA19,2009,64429.641,
ESTAT:TEN00126(1.0),19/01/22 11:00:00,A,FC_TRA_E,O4652XR5210B,KTOE,EA19,2010,60821.027,
ESTAT:TEN00126(1.0),19/01/22 11:00:00,A,FC_TRA_E,O4652XR5210B,KTOE,EA19,2011,58827.598,
ESTAT:TEN00126(1.0),19/01/22 11:00:00,A,FC_TRA_E,O4652XR5210B,KTOE,EA19,2012,54427.782,
ESTAT:TEN00126(1.0),19/01/22 11:00:00,A,FC_TRA_E,O4652XR5210B,KTOE,EA19,2013,53057.346,
ESTAT:TEN00126(1.0),19/01/22 11:00:00,A,FC_TRA_E,O4652XR5210B,KTOE,EA19,2014,52882.005,
ESTAT:TEN00126(1.0),19/01/22 11:00:00,A,FC_TRA_E,O4652XR5210B,KTOE,EA19,2015,51826.020,
ESTAT:TEN00126(1.0),19/01/22 11:00:00,A,FC_TRA_E,O4652XR5210B,KTOE,EA19,2016,51851.884,
ESTAT:TEN00126(1.0),19/01/22 11:00:00,A,FC_TRA_E,O4652XR5210B,KTOE,EA19,2017,52029.834,
ESTAT:TEN00126(1.0),19/01/22 11:00:00,A,FC_TRA_E,O4652XR5210B,KTOE,EA19,2018,52091.528,
ESTAT:TEN00126(1.0),19/01/22 11:00:00,A,FC_TRA_E,O4652XR5210B,KTOE,EA19,2019,53336.503,
ESTAT:TEN00126(1.0),19/01/22 11:00:00,A,FC_TRA_E,O4652XR5210B,KTOE,EA19,2020,45172.951,
ESTAT:TEN00126(1.0),19/01/22 11:00:00,A,FC_TRA_E,O4652XR5210B,KTOE,EE,2009,306.869,
ESTAT:TEN00126(1.0),19/01/22 11:00:00,A,FC_TRA_E,O4652XR5210B,KTOE,EE,2010,289.004,
ESTAT:TEN00126(1.0),19/01/22 11:00:00,A,FC_TRA_E,O4652XR5210B,KTOE,EE,2011,267.985,
ESTAT:TEN00126(1.0),19/01/22 11:00:00,A,FC_TRA_E,O4652XR5210B,KTOE,EE,2012,256.425,
ESTAT:TEN00126(1.0),19/01/22 11:00:00,A,FC_TRA_E,O4652XR5210B,KTOE,EE,2013,240.661,
ESTAT:TEN00126(1.0),19/01/22 11:00:00,A,FC_TRA_E,O4652XR5210B,KTOE,EE,2014,241.712,
ESTAT:TEN00126(1.0),19/01/22 11:00:00,A,FC_TRA_E,O4652XR5210B,KTOE,EE,2015,240.661,
ESTAT:TEN00126(1.0),19/01/22 11:00:00,A,FC_TRA_E,O4652XR5210B,KTOE,EE,2016,254.323,
ESTAT:TEN00126(1.0),19/01/22 11:00:00,A,FC_TRA_E,O4652XR5210B,KTOE,EE,2017,266.934,
ESTAT:TEN00126(1.0),19/01/22 11:00:00,A,FC_TRA_E,O4652XR5210B,KTOE,EE,2018,272.189,
ESTAT:TEN00126(1.0),19/01/22 11:00:00,A,FC_TRA_E,O4652XR5210B,KTOE,EE,2019,273.240,
ESTAT:TEN00126(1.0),19/01/22 11:00:00,A,FC_TRA_E,O4652XR5210B,KTOE,EE,2020,214.388,
ESTAT:TEN00126(1.0),19/01/22 11:00:00,A,FC_TRA_E,O4652XR5210B,KTOE,EL,2009,4247.827,
ESTAT:TEN00126(1.0),19/01/22 11:00:00,A,FC_TRA_E,O4652XR5210B,KTOE,EL,2010,3867.393,
ESTAT:TEN00126(1.0),19/01/22 11:00:00,A,FC_TRA_E,O4652XR5210B,KTOE,EL,2011,3497.468,
ESTAT:TEN00126(1.0),19/01/22 11:00:00,A,FC_TRA_E,O4652XR5210B,KTOE,EL,2012,3035.063,
ESTAT:TEN00126(1.0),19/01/22 11:00:00,A,FC_TRA_E,O4652XR5210B,KTOE,EL,2013,2777.587,
ESTAT:TEN00126(1.0),19/01/22 11:00:00,A,FC_TRA_E,O4652XR5210B,KTOE,EL,2014,2643.069,
ESTAT:TEN00126(1.0),19/01/22 11:00:00,A,FC_TRA_E,O4652XR5210B,KTOE,EL,2015,2573.708,
ESTAT:TEN00126(1.0),19/01/22 11:00:00,A,FC_TRA_E,O4652XR5210B,KTOE,EL,2016,2536.926,
ESTAT:TEN00126(1.0),19/01/22 11:00:00,A,FC_TRA_E,O4652XR5210B,KTOE,EL,2017,2450.772,
ESTAT:TEN00126(1.0),19/01/22 11:00:00,A,FC_TRA_E,O4652XR5210B,KTOE,EL,2018,2402.904,
ESTAT:TEN00126(1.0),19/01/22 11:00:00,A,FC_TRA_E,O4652XR5210B,KTOE,EL,2019,2347.662,
ESTAT:TEN00126(1.0),19/01/22 11:00:00,A,FC_TRA_E,O4652XR5210B,KTOE,EL,2020,1880.619,
ESTAT:TEN00126(1.0),19/01/22 11:00:00,A,FC_TRA_E,O4652XR5210B,KTOE,ES,2009,6099.873,
ESTAT:TEN00126(1.0),19/01/22 11:00:00,A,FC_TRA_E,O4652XR5210B,KTOE,ES,2010,5619.502,
ESTAT:TEN00126(1.0),19/01/22 11:00:00,A,FC_TRA_E,O4652XR5210B,KTOE,ES,2011,5228.009,
ESTAT:TEN00126(1.0),19/01/22 11:00:00,A,FC_TRA_E,O4652XR5210B,KTOE,ES,2012,4713.779,
ESTAT:TEN00126(1.0),19/01/22 11:00:00,A,FC_TRA_E,O4652XR5210B,KTOE,ES,2013,4603.738,
ESTAT:TEN00126(1.0),19/01/22 11:00:00,A,FC_TRA_E,O4652XR5210B,KTOE,ES,2014,4534.962,
ESTAT:TEN00126(1.0),19/01/22 11:00:00,A,FC_TRA_E,O4652XR5210B,KTOE,ES,2015,4561.414,
ESTAT:TEN00126(1.0),19/01/22 11:00:00,A,FC_TRA_E,O4652XR5210B,KTOE,ES,2016,4767.741,
ESTAT:TEN00126(1.0),19/01/22 11:00:00,A,FC_TRA_E,O4652XR5210B,KTOE,ES,2017,4871.434,
ESTAT:TEN00126(1.0),19/01/22 11:00:00,A,FC_TRA_E,O4652XR5210B,KTOE,ES,2018,5075.645,
ESTAT:TEN00126(1.0),19/01/22 11:00:00,A,FC_TRA_E,O4652XR5210B,KTOE,ES,2019,5407.884,
ESTAT:TEN00126(1.0),19/01/22 11:00:00,A,FC_TRA_E,O4652XR5210B,KTOE,ES,2020,4281.021,
ESTAT:TEN00126(1.0),19/01/22 11:00:00,A,FC_TRA_E,O4652XR5210B,KTOE,EU27_2020,2009,80363.908,
ESTAT:TEN00126(1.0),19/01/22 11:00:00,A,FC_TRA_E,O4652XR5210B,KTOE,EU27_2020,2010,75783.935,
ESTAT:TEN00126(1.0),19/01/22 11:00:00,A,FC_TRA_E,O4652XR5210B,KTOE,EU27_2020,2011,72978.471,
ESTAT:TEN00126(1.0),19/01/22 11:00:00,A,FC_TRA_E,O4652XR5210B,KTOE,EU27_2020,2012,67768.011,
ESTAT:TEN00126(1.0),19/01/22 11:00:00,A,FC_TRA_E,O4652XR5210B,KTOE,EU27_2020,2013,65675.311,
ESTAT:TEN00126(1.0),19/01/22 11:00:00,A,FC_TRA_E,O4652XR5210B,KTOE,EU27_2020,2014,65416.916,
ESTAT:TEN00126(1.0),19/01/22 11:00:00,A,FC_TRA_E,O4652XR5210B,KTOE,EU27_2020,2015,64461.124,
ESTAT:TEN00126(1.0),19/01/22 11:00:00,A,FC_TRA_E,O4652XR5210B,KTOE,EU27_2020,2016,64677.992,
ESTAT:TEN00126(1.0),19/01/22 11:00:00,A,FC_TRA_E,O4652XR5210B,KTOE,EU27_2020,2017,65052.487,
ESTAT:TEN00126(1.0),19/01/22 11:00:00,A,FC_TRA_E,O4652XR5210B,KTOE,EU27_2020,2018,65149.394,
ESTAT:TEN00126(1.0),19/01/22 11:00:00,A,FC_TRA_E,O4652XR5210B,KTOE,EU27_2020,2019,66579.215,
ESTAT:TEN00126(1.0),19/01/22 11:00:00,A,FC_TRA_E,O4652XR5210B,KTOE,EU27_2020,2020,57262.221,
ESTAT:TEN00126(1.0),19/01/22 11:00:00,A,FC_TRA_E,O4652XR5210B,KTOE,FI,2009,1565.205,
ESTAT:TEN00126(1.0),19/01/22 11:00:00,A,FC_TRA_E,O4652XR5210B,KTOE,FI,2010,1531.313,
ESTAT:TEN00126(1.0),19/01/22 11:00:00,A,FC_TRA_E,O4652XR5210B,KTOE,FI,2011,1440.933,
ESTAT:TEN00126(1.0),19/01/22 11:00:00,A,FC_TRA_E,O4652XR5210B,KTOE,FI,2012,1385.473,
ESTAT:TEN00126(1.0),19/01/22 11:00:00,A,FC_TRA_E,O4652XR5210B,KTOE,FI,2013,1420.130,
ESTAT:TEN00126(1.0),19/01/22 11:00:00,A,FC_TRA_E,O4652XR5210B,KTOE,FI,2014,1367.264,
ESTAT:TEN00126(1.0),19/01/22 11:00:00,A,FC_TRA_E,O4652XR5210B,KTOE,FI,2015,1361.044,
ESTAT:TEN00126(1.0),19/01/22 11:00:00,A,FC_TRA_E,O4652XR5210B,KTOE,FI,2016,1354.825,
ESTAT:TEN00126(1.0),19/01/22 11:00:00,A,FC_TRA_E,O4652XR5210B,KTOE,FI,2017,1301.959,
ESTAT:TEN00126(1.0),19/01/22 11:00:00,A,FC_TRA_E,O4652XR5210B,KTOE,FI,2018,1283.300,
ESTAT:TEN00126(1.0),19/01/22 11:00:00,A,FC_TRA_E,O4652XR5210B,KTOE,FI,2019,1255.312,
ESTAT:TEN00126(1.0),19/01/22 11:00:00,A,FC_TRA_E,O4652XR5210B,KTOE,FI,2020,1165.128,
ESTAT:TEN00126(1.0),19/01/22 11:00:00,A,FC_TRA_E,O4652XR5210B,KTOE,FR,2009,8357.792,
ESTAT:TEN00126(1.0),19/01/22 11:00:00,A,FC_TRA_E,O4652XR5210B,KTOE,FR,2010,7712.541,
ESTAT:TEN00126(1.0),19/01/22 11:00:00,A,FC_TRA_E,O4652XR5210B,KTOE,FR,2011,7582.230,
ESTAT:TEN00126(1.0),19/01/22 11:00:00,A,FC_TRA_E,O4652XR5210B,KTOE,FR,2012,7148.209,
ESTAT:TEN00126(1.0),19/01/22 11:00:00,A,FC_TRA_E,O4652XR5210B,KTOE,FR,2013,6921.215,
ESTAT:TEN00126(1.0),19/01/22 11:00:00,A,FC_TRA_E,O4652XR5210B,KTOE,FR,2014,6961.149,
ESTAT:TEN00126(1.0),19/01/22 11:00:00,A,FC_TRA_E,O4652XR5210B,KTOE,FR,2015,7048.373,
ESTAT:TEN00126(1.0),19/01/22 11:00:00,A,FC_TRA_E,O4652XR5210B,KTOE,FR,2016,7207.059,
ESTAT:TEN00126(1.0),19/01/22 11:00:00,A,FC_TRA_E,O4652XR5210B,KTOE,FR,2017,7441.409,
ESTAT:TEN00126(1.0),19/01/22 11:00:00,A,FC_TRA_E,O4652XR5210B,KTOE,FR,2018,7661.582,
ESTAT:TEN00126(1.0),19/01/22 11:00:00,A,FC_TRA_E,O4652XR5210B,KTOE,FR,2019,8173.444,
ESTAT:TEN00126(1.0),19/01/22 11:00:00,A,FC_TRA_E,O4652XR5210B,KTOE,FR,2020,7013.910,
ESTAT:TEN00126(1.0),19/01/22 11:00:00,A,FC_TRA_E,O4652XR5210B,KTOE,GE,2013,393.045,
ESTAT:TEN00126(1.0),19/01/22 11:00:00,A,FC_TRA_E,O4652XR5210B,KTOE,GE,2014,399.350,
ESTAT:TEN00126(1.0),19/01/22 11:00:00,A,FC_TRA_E,O4652XR5210B,KTOE,GE,2015,444.540,
ESTAT:TEN00126(1.0),19/01/22 11:00:00,A,FC_TRA_E,O4652XR5210B,KTOE,GE,2016,627.400,
ESTAT:TEN00126(1.0),19/01/22 11:00:00,A,FC_TRA_E,O4652XR5210B,KTOE,GE,2017,563.294,
ESTAT:TEN00126(1.0),19/01/22 11:00:00,A,FC_TRA_E,O4652XR5210B,KTOE,GE,2018,566.216,
ESTAT:TEN00126(1.0),19/01/22 11:00:00,A,FC_TRA_E,O4652XR5210B,KTOE,GE,2019,577.370,
ESTAT:TEN00126(1.0),19/01/22 11:00:00,A,FC_TRA_E,O4652XR5210B,KTOE,GE,2020,571.111,
ESTAT:TEN00126(1.0),19/01/22 11:00:00,A,FC_TRA_E,O4652XR5210B,KTOE,HR,2009,719.495,
ESTAT:TEN00126(1.0),19/01/22 11:00:00,A,FC_TRA_E,O4652XR5210B,KTOE,HR,2010,677.985,
ESTAT:TEN00126(1.0),19/01/22 11:00:00,A,FC_TRA_E,O4652XR5210B,KTOE,HR,2011,662.019,
ESTAT:TEN00126(1.0),19/01/22 11:00:00,A,FC_TRA_E,O4652XR5210B,KTOE,HR,2012,615.188,
ESTAT:TEN00126(1.0),19/01/22 11:00:00,A,FC_TRA_E,O4652XR5210B,KTOE,HR,2013,601.353,
ESTAT:TEN00126(1.0),19/01/22 11:00:00,A,FC_TRA_E,O4652XR5210B,KTOE,HR,2014,554.522,
ESTAT:TEN00126(1.0),19/01/22 11:00:00,A,FC_TRA_E,O4652XR5210B,KTOE,HR,2015,553.457,
ESTAT:TEN00126(1.0),19/01/22 11:00:00,A,FC_TRA_E,O4652XR5210B,KTOE,HR,2016,556.651,
ESTAT:TEN00126(1.0),19/01/22 11:00:00,A,FC_TRA_E,O4652XR5210B,KTOE,HR,2017,534.386,
ESTAT:TEN00126(1.0),19/01/22 11:00:00,A,FC_TRA_E,O4652XR5210B,KTOE,HR,2018,519.205,
ESTAT:TEN00126(1.0),19/01/22 11:00:00,A,FC_TRA_E,O4652XR5210B,KTOE,HR,2019,495.205,
ESTAT:TEN00126(1.0),19/01/22 11:00:00,A,FC_TRA_E,O4652XR5210B,KTOE,HR,2020,411.202,
ESTAT:TEN00126(1.0),19/01/22 11:00:00,A,FC_TRA_E,O4652XR5210B,KTOE,HU,2009,1578.666,
ESTAT:TEN00126(1.0),19/01/22 11:00:00,A,FC_TRA_E,O4652XR5210B,KTOE,HU,2010,1348.333,
ESTAT:TEN00126(1.0),19/01/22 11:00:00,A,FC_TRA_E,O4652XR5210B,KTOE,HU,2011,1245.343,
ESTAT:TEN00126(1.0),19/01/22 11:00:00,A,FC_TRA_E,O4652XR5210B,KTOE,HU,2012,1233.782,
ESTAT:TEN00126(1.0),19/01/22 11:00:00,A,FC_TRA_E,O4652XR5210B,KTOE,HU,2013,1167.574,
ESTAT:TEN00126(1.0),19/01/22 11:00:00,A,FC_TRA_E,O4652XR5210B,KTOE,HU,2014,1243.241,
ESTAT:TEN00126(1.0),19/01/22 11:00:00,A,FC_TRA_E,O4652XR5210B,KTOE,HU,2015,1283.176,
ESTAT:TEN00126(1.0),19/01/22 11:00:00,A,FC_TRA_E,O4652XR5210B,KTOE,HU,2016,1306.296,
ESTAT:TEN00126(1.0),19/01/22 11:00:00,A,FC_TRA_E,O4652XR5210B,KTOE,HU,2017,1337.824,
ESTAT:TEN00126(1.0),19/01/22 11:00:00,A,FC_TRA_E,O4652XR5210B,KTOE,HU,2018,1396.675,
ESTAT:TEN00126(1.0),19/01/22 11:00:00,A,FC_TRA_E,O4652XR5210B,KTOE,HU,2019,1507.022,
ESTAT:TEN00126(1.0),19/01/22 11:00:00,A,FC_TRA_E,O4652XR5210B,KTOE,HU,2020,1308.398,
ESTAT:TEN00126(1.0),19/01/22 11:00:00,A,FC_TRA_E,O4652XR5210B,KTOE,IE,2009,1648.604,
ESTAT:TEN00126(1.0),19/01/22 11:00:00,A,FC_TRA_E,O4652XR5210B,KTOE,IE,2010,1527.196,
ESTAT:TEN00126(1.0),19/01/22 11:00:00,A,FC_TRA_E,O4652XR5210B,KTOE,IE,2011,1358.927,
ESTAT:TEN00126(1.0),19/01/22 11:00:00,A,FC_TRA_E,O4652XR5210B,KTOE,IE,2012,1282.248,
ESTAT:TEN00126(1.0),19/01/22 11:00:00,A,FC_TRA_E,O4652XR5210B,KTOE,IE,2013,1186.399,
ESTAT:TEN00126(1.0),19/01/22 11:00:00,A,FC_TRA_E,O4652XR5210B,KTOE,IE,2014,1178.944,
ESTAT:TEN00126(1.0),19/01/22 11:00:00,A,FC_TRA_E,O4652XR5210B,KTOE,IE,2015,1020.260,
ESTAT:TEN00126(1.0),19/01/22 11:00:00,A,FC_TRA_E,O4652XR5210B,KTOE,IE,2016,1003.221,
ESTAT:TEN00126(1.0),19/01/22 11:00:00,A,FC_TRA_E,O4652XR5210B,KTOE,IE,2017,904.298,
ESTAT:TEN00126(1.0),19/01/22 11:00:00,A,FC_TRA_E,O4652XR5210B,KTOE,IE,2018,824.245,
ESTAT:TEN00126(1.0),19/01/22 11:00:00,A,FC_TRA_E,O4652XR5210B,KTOE,IE,2019,780.926,
ESTAT:TEN00126(1.0),19/01/22 11:00:00,A,FC_TRA_E,O4652XR5210B,KTOE,IE,2020,578.428,
ESTAT:TEN00126(1.0),19/01/22 11:00:00,A,FC_TRA_E,O4652XR5210B,KTOE,IS,2009,164.004,
ESTAT:TEN00126(1.0),19/01/22 11:00:00,A,FC_TRA_E,O4652XR5210B,KTOE,IS,2010,155.536,
ESTAT:TEN00126(1.0),19/01/22 11:00:00,A,FC_TRA_E,O4652XR5210B,KTOE,IS,2011,150.282,
ESTAT:TEN00126(1.0),19/01/22 11:00:00,A,FC_TRA_E,O4652XR5210B,KTOE,IS,2012,143.976,
ESTAT:TEN00126(1.0),19/01/22 11:00:00,A,FC_TRA_E,O4652XR5210B,KTOE,IS,2013,141.874,
ESTAT:TEN00126(1.0),19/01/22 11:00:00,A,FC_TRA_E,O4652XR5210B,KTOE,IS,2014,138.722,
ESTAT:TEN00126(1.0),19/01/22 11:00:00,A,FC_TRA_E,O4652XR5210B,KTOE,IS,2015,138.722,
ESTAT:TEN00126(1.0),19/01/22 11:00:00,A,FC_TRA_E,O4652XR5210B,KTOE,IS,2016,144.275,
ESTAT:TEN00126(1.0),19/01/22 11:00:00,A,FC_TRA_E,O4652XR5210B,KTOE,IS,2017,141.530,
ESTAT:TEN00126(1.0),19/01/22 11:00:00,A,FC_TRA_E,O4652XR5210B,KTOE,IS,2018,134.472,
ESTAT:TEN00126(1.0),19/01/22 11:00:00,A,FC_TRA_E,O4652XR5210B,KTOE,IS,2019,125.573,
ESTAT:TEN00126(1.0),19/01/22 11:00:00,A,FC_TRA_E,O4652XR5210B,KTOE,IS,2020,96.334,
ESTAT:TEN00126(1.0),19/01/22 11:00:00,A,FC_TRA_E,O4652XR5210B,KTOE,IT,2009,10956.912,
ESTAT:TEN00126(1.0),19/01/22 11:00:00,A,FC_TRA_E,O4652XR5210B,KTOE,IT,2010,10275.915,
ESTAT:TEN00126(1.0),19/01/22 11:00:00,A,FC_TRA_E,O4652XR5210B,KTOE,IT,2011,9908.092,
ESTAT:TEN00126(1.0),19/01/22 11:00:00,A,FC_TRA_E,O4652XR5210B,KTOE,IT,2012,8769.944,
ESTAT:TEN00126(1.0),19/01/22 11:00:00,A,FC_TRA_E,O4652XR5210B,KTOE,IT,2013,8398.968,
ESTAT:TEN00126(1.0),19/01/22 11:00:00,A,FC_TRA_E,O4652XR5210B,KTOE,IT,2014,8494.602,
ESTAT:TEN00126(1.0),19/01/22 11:00:00,A,FC_TRA_E,O4652XR5210B,KTOE,IT,2015,8191.937,
ESTAT:TEN00126(1.0),19/01/22 11:00:00,A,FC_TRA_E,O4652XR5210B,KTOE,IT,2016,7649.661,
ESTAT:TEN00126(1.0),19/01/22 11:00:00,A,FC_TRA_E,O4652XR5210B,KTOE,IT,2017,7432.637,
ESTAT:TEN00126(1.0),19/01/22 11:00:00,A,FC_TRA_E,O4652XR5210B,KTOE,IT,2018,7639.952,
ESTAT:TEN00126(1.0),19/01/22 11:00:00,A,FC_TRA_E,O4652XR5210B,KTOE,IT,2019,7711.665,
ESTAT:TEN00126(1.0),19/01/22 11:00:00,A,FC_TRA_E,O4652XR5210B,KTOE,IT,2020,6078.996,
ESTAT:TEN00126(1.0),19/01/22 11:00:00,A,FC_TRA_E,O4652XR5210B,KTOE,LT,2009,366.938,
ESTAT:TEN00126(1.0),19/01/22 11:00:00,A,FC_TRA_E,O4652XR5210B,KTOE,LT,2010,296.332,
ESTAT:TEN00126(1.0),19/01/22 11:00:00,A,FC_TRA_E,O4652XR5210B,KTOE,LT,2011,257.820,
ESTAT:TEN00126(1.0),19/01/22 11:00:00,A,FC_TRA_E,O4652XR5210B,KTOE,LT,2012,231.075,
ESTAT:TEN00126(1.0),19/01/22 11:00:00,A,FC_TRA_E,O4652XR5210B,KTOE,LT,2013,209.679,
ESTAT:TEN00126(1.0),19/01/22 11:00:00,A,FC_TRA_E,O4652XR5210B,KTOE,LT,2014,205.400,
ESTAT:TEN00126(1.0),19/01/22 11:00:00,A,FC_TRA_E,O4652XR5210B,KTOE,LT,2015,199.857,
ESTAT:TEN00126(1.0),19/01/22 11:00:00,A,FC_TRA_E,O4652XR5210B,KTOE,LT,2016,215.635,
ESTAT:TEN00126(1.0),19/01/22 11:00:00,A,FC_TRA_E,O4652XR5210B,KTOE,LT,2017,212.238,
ESTAT:TEN00126(1.0),19/01/22 11:00:00,A,FC_TRA_E,O4652XR5210B,KTOE,LT,2018,232.306,
ESTAT:TEN00126(1.0),19/01/22 11:00:00,A,FC_TRA_E,O4652XR5210B,KTOE,LT,2019,242.487,
ESTAT:TEN00126(1.0),19/01/22 11:00:00,A,FC_TRA_E,O4652XR5210B,KTOE,LT,2020,236.918,
ESTAT:TEN00126(1.0),19/01/22 11:00:00,A,FC_TRA_E,O4652XR5210B,KTOE,LU,2009,389.025,
ESTAT:TEN00126(1.0),19/01/22 11:00:00,A,FC_TRA_E,O4652XR5210B,KTOE,LU,2010,361.568,
ESTAT:TEN00126(1.0),19/01/22 11:00:00,A,FC_TRA_E,O4652XR5210B,KTOE,LU,2011,368.860,
ESTAT:TEN00126(1.0),19/01/22 11:00:00,A,FC_TRA_E,O4652XR5210B,KTOE,LU,2012,359.289,
ESTAT:TEN00126(1.0),19/01/22 11:00:00,A,FC_TRA_E,O4652XR5210B,KTOE,LU,2013,327.231,
ESTAT:TEN00126(1.0),19/01/22 11:00:00,A,FC_TRA_E,O4652XR5210B,KTOE,LU,2014,313.985,
ESTAT:TEN00126(1.0),19/01/22 11:00:00,A,FC_TRA_E,O4652XR5210B,KTOE,LU,2015,292.772,
ESTAT:TEN00126(1.0),19/01/22 11:00:00,A,FC_TRA_E,O4652XR5210B,KTOE,LU,2016,284.513,
ESTAT:TEN00126(1.0),19/01/22 11:00:00,A,FC_TRA_E,O4652XR5210B,KTOE,LU,2017,300.667,
ESTAT:TEN00126(1.0),19/01/22 11:00:00,A,FC_TRA_E,O4652XR5210B,KTOE,LU,2018,328.320,
ESTAT:TEN00126(1.0),19/01/22 11:00:00,A,FC_TRA_E,O4652XR5210B,KTOE,LU,2019,342.872,
ESTAT:TEN00126(1.0),19/01/22 11:00:00,A,FC_TRA_E,O4652XR5210B,KTOE,LU,2020,261.775,
ESTAT:TEN00126(1.0),19/01/22 11:00:00,A,FC_TRA_E,O4652XR5210B,KTOE,LV,2009,324.513,
ESTAT:TEN00126(1.0),19/01/22 11:00:00,A,FC_TRA_E,O4652XR5210B,KTOE,LV,2010,294.058,
ESTAT:TEN00126(1.0),19/01/22 11:00:00,A,FC_TRA_E,O4652XR5210B,KTOE,LV,2011,273.053,
ESTAT:TEN00126(1.0),19/01/22 11:00:00,A,FC_TRA_E,O4652XR5210B,KTOE,LV,2012,232.095,
ESTAT:TEN00126(1.0),19/01/22 11:00:00,A,FC_TRA_E,O4652XR5210B,KTOE,LV,2013,210.041,
ESTAT:TEN00126(1.0),19/01/22 11:00:00,A,FC_TRA_E,O4652XR5210B,KTOE,LV,2014,205.840,
ESTAT:TEN00126(1.0),19/01/22 11:00:00,A,FC_TRA_E,O4652XR5210B,KTOE,LV,2015,204.790,
ESTAT:TEN00126(1.0),19/01/22 11:00:00,A,FC_TRA_E,O4652XR5210B,KTOE,LV,2016,199.539,
ESTAT:TEN00126(1.0),19/01/22 11:00:00,A,FC_TRA_E,O4652XR5210B,KTOE,LV,2017,191.911,
ESTAT:TEN00126(1.0),19/01/22 11:00:00,A,FC_TRA_E,O4652XR5210B,KTOE,LV,2018,183.980,
ESTAT:TEN00126(1.0),19/01/22 11:00:00,A,FC_TRA_E,O4652XR5210B,KTOE,LV,2019,174.615,
ESTAT:TEN00126(1.0),19/01/22 11:00:00,A,FC_TRA_E,O4652XR5210B,KTOE,LV,2020,167.662,
ESTAT:TEN00126(1.0),19/01/22 11:00:00,A,FC_TRA_E,O4652XR5210B,KTOE,MD,2010,205.691,
ESTAT:TEN00126(1.0),19/01/22 11:00:00,A,FC_TRA_E,O4652XR5210B,KTOE,MD,2011,216.132,
ESTAT:TEN00126(1.0),19/01/22 11:00:00,A,FC_TRA_E,O4652XR5210B,KTOE,MD,2012,175.411,
ESTAT:TEN00126(1.0),19/01/22 11:00:00,A,FC_TRA_E,O4652XR5210B,KTOE,MD,2013,168.102,
ESTAT:TEN00126(1.0),19/01/22 11:00:00,A,FC_TRA_E,O4652XR5210B,KTOE,MD,2014,166.014,
ESTAT:TEN00126(1.0),19/01/22 11:00:00,A,FC_TRA_E,O4652XR5210B,KTOE,MD,2015,169.147,
ESTAT:TEN00126(1.0),19/01/22 11:00:00,A,FC_TRA_E,O4652XR5210B,KTOE,MD,2016,173.323,
ESTAT:TEN00126(1.0),19/01/22 11:00:00,A,FC_TRA_E,O4652XR5210B,KTOE,MD,2017,167.058,
ESTAT:TEN00126(1.0),19/01/22 11:00:00,A,FC_TRA_E,O4652XR5210B,KTOE,MD,2018,176.769,
ESTAT:TEN00126(1.0),19/01/22 11:00:00,A,FC_TRA_E,O4652XR5210B,KTOE,MD,2019,182.198,
ESTAT:TEN00126(1.0),19/01/22 11:00:00,A,FC_TRA_E,O4652XR5210B,KTOE,MD,2020,161.733,
ESTAT:TEN00126(1.0),19/01/22 11:00:00,A,FC_TRA_E,O4652XR5210B,KTOE,ME,2009,68.161,
ESTAT:TEN00126(1.0),19/01/22 11:00:00,A,FC_TRA_E,O4652XR5210B,KTOE,ME,2010,60.706,
ESTAT:TEN00126(1.0),19/01/22 11:00:00,A,FC_TRA_E,O4652XR5210B,KTOE,ME,2011,43.666,
ESTAT:TEN00126(1.0),19/01/22 11:00:00,A,FC_TRA_E,O4652XR5210B,KTOE,ME,2012,38.340,
ESTAT:TEN00126(1.0),19/01/22 11:00:00,A,FC_TRA_E,O4652XR5210B,KTOE,ME,2013,33.015,
ESTAT:TEN00126(1.0),19/01/22 11:00:00,A,FC_TRA_E,O4652XR5210B,KTOE,ME,2014,35.145,
ESTAT:TEN00126(1.0),19/01/22 11:00:00,A,FC_TRA_E,O4652XR5210B,KTOE,ME,2015,36.210,
ESTAT:TEN00126(1.0),19/01/22 11:00:00,A,FC_TRA_E,O4652XR5210B,KTOE,ME,2016,37.275,
ESTAT:TEN00126(1.0),19/01/22 11:00:00,A,FC_TRA_E,O4652XR5210B,KTOE,ME,2017,37.701,
ESTAT:TEN00126(1.0),19/01/22 11:00:00,A,FC_TRA_E,O4652XR5210B,KTOE,ME,2018,36.210,
ESTAT:TEN00126(1.0),19/01/22 11:00:00,A,FC_TRA_E,O4652XR5210B,KTOE,ME,2019,38.234,
ESTAT:TEN00126(1.0),19/01/22 11:00:00,A,FC_TRA_E,O4652XR5210B,KTOE,ME,2020,28.649,
ESTAT:TEN00126(1.0),19/01/22 11:00:00,A,FC_TRA_E,O4652XR5210B,KTOE,MK,2009,129.346,
ESTAT:TEN00126(1.0),19/01/22 11:00:00,A,FC_TRA_E,O4652XR5210B,KTOE,MK,2010,130.477,
ESTAT:TEN00126(1.0),19/01/22 11:00:00,A,FC_TRA_E,O4652XR5210B,KTOE,MK,2011,138.318,
ESTAT:TEN00126(1.0),19/01/22 11:00:00,A,FC_TRA_E,O4652XR5210B,KTOE,MK,2012,110.833,
ESTAT:TEN00126(1.0),19/01/22 11:00:00,A,FC_TRA_E,O4652XR5210B,KTOE,MK,2013,116.366,
ESTAT:TEN00126(1.0),19/01/22 11:00:00,A,FC_TRA_E,O4652XR5210B,KTOE,MK,2014,105.847,
ESTAT:TEN00126(1.0),19/01/22 11:00:00,A,FC_TRA_E,O4652XR5210B,KTOE,MK,2015,107.974,
ESTAT:TEN00126(1.0),19/01/22 11:00:00,A,FC_TRA_E,O4652XR5210B,KTOE,MK,2016,109.333,
ESTAT:TEN00126(1.0),19/01/22 11:00:00,A,FC_TRA_E,O4652XR5210B,KTOE,MK,2017,108.611,
ESTAT:TEN00126(1.0),19/01/22 11:00:00,A,FC_TRA_E,O4652XR5210B,KTOE,MK,2018,106.610,
ESTAT:TEN00126(1.0),19/01/22 11:00:00,A,FC_TRA_E,O4652XR5210B,KTOE,MK,2019,108.996,
ESTAT:TEN00126(1.0),19/01/22 11:00:00,A,FC_TRA_E,O4652XR5210B,KTOE,MK,2020,79.426,
ESTAT:TEN00126(1.0),19/01/22 11:00:00,A,FC_TRA_E,O4652XR5210B,KTOE,MT,2009,73.947,
ESTAT:TEN00126(1.0),19/01/22 11:00:00,A,FC_TRA_E,O4652XR5210B,KTOE,MT,2010,73.947,
ESTAT:TEN00126(1.0),19/01/22 11:00:00,A,FC_TRA_E,O4652XR5210B,KTOE,MT,2011,73.947,
ESTAT:TEN00126(1.0),19/01/22 11:00:00,A,FC_TRA_E,O4652XR5210B,KTOE,MT,2012,72.920,
ESTAT:TEN00126(1.0),19/01/22 11:00:00,A,FC_TRA_E,O4652XR5210B,KTOE,MT,2013,73.947,
ESTAT:TEN00126(1.0),19/01/22 11:00:00,A,FC_TRA_E,O4652XR5210B,KTOE,MT,2014,73.947,
ESTAT:TEN00126(1.0),19/01/22 11:00:00,A,FC_TRA_E,O4652XR5210B,KTOE,MT,2015,78.055,
ESTAT:TEN00126(1.0),19/01/22 11:00:00,A,FC_TRA_E,O4652XR5210B,KTOE,MT,2016,78.055,
ESTAT:TEN00126(1.0),19/01/22 11:00:00,A,FC_TRA_E,O4652XR5210B,KTOE,MT,2017,79.323,
ESTAT:TEN00126(1.0),19/01/22 11:00:00,A,FC_TRA_E,O4652XR5210B,KTOE,MT,2018,79.889,
ESTAT:TEN00126(1.0),19/01/22 11:00:00,A,FC_TRA_E,O4652XR5210B,KTOE,MT,2019,84.619,
ESTAT:TEN00126(1.0),19/01/22 11:00:00,A,FC_TRA_E,O4652XR5210B,KTOE,MT,2020,71.087,
ESTAT:TEN00126(1.0),19/01/22 11:00:00,A,FC_TRA_E,O4652XR5210B,KTOE,NL,2009,4046.107,
ESTAT:TEN00126(1.0),19/01/22 11:00:00,A,FC_TRA_E,O4652XR5210B,KTOE,NL,2010,4048.151,
ESTAT:TEN00126(1.0),19/01/22 11:00:00,A,FC_TRA_E,O4652XR5210B,KTOE,NL,2011,4102.694,
ESTAT:TEN00126(1.0),19/01/22 11:00:00,A,FC_TRA_E,O4652XR5210B,KTOE,NL,2012,3922.428,
ESTAT:TEN00126(1.0),19/01/22 11:00:00,A,FC_TRA_E,O4652XR5210B,KTOE,NL,2013,3823.254,
ESTAT:TEN00126(1.0),19/01/22 11:00:00,A,FC_TRA_E,O4652XR5210B,KTOE,NL,2014,3706.155,
ESTAT:TEN00126(1.0),19/01/22 11:00:00,A,FC_TRA_E,O4652XR5210B,KTOE,NL,2015,3782.904,
ESTAT:TEN00126(1.0),19/01/22 11:00:00,A,FC_TRA_E,O4652XR5210B,KTOE,NL,2016,3906.083,
ESTAT:TEN00126(1.0),19/01/22 11:00:00,A,FC_TRA_E,O4652XR5210B,KTOE,NL,2017,3967.041,
ESTAT:TEN00126(1.0),19/01/22 11:00:00,A,FC_TRA_E,O4652XR5210B,KTOE,NL,2018,4098.724,
ESTAT:TEN00126(1.0),19/01/22 11:00:00,A,FC_TRA_E,O4652XR5210B,KTOE,NL,2019,4177.325,
ESTAT:TEN00126(1.0),19/01/22 11:00:00,A,FC_TRA_E,O4652XR5210B,KTOE,NL,2020,3482.992,
ESTAT:TEN00126(1.0),19/01/22 11:00:00,A,FC_TRA_E,O4652XR5210B,KTOE,NO,2009,1306.473,
ESTAT:TEN00126(1.0),19/01/22 11:00:00,A,FC_TRA_E,O4652XR5210B,KTOE,NO,2010,1255.147,
ESTAT:TEN00126(1.0),19/01/22 11:00:00,A,FC_TRA_E,O4652XR5210B,KTOE,NO,2011,1142.967,
ESTAT:TEN00126(1.0),19/01/22 11:00:00,A,FC_TRA_E,O4652XR5210B,KTOE,NO,2012,1067.384,
ESTAT:TEN00126(1.0),19/01/22 11:00:00,A,FC_TRA_E,O4652XR5210B,KTOE,NO,2013,997.108,
ESTAT:TEN00126(1.0),19/01/22 11:00:00,A,FC_TRA_E,O4652XR5210B,KTOE,NO,2014,950.919,
ESTAT:TEN00126(1.0),19/01/22 11:00:00,A,FC_TRA_E,O4652XR5210B,KTOE,NO,2015,897.005,
ESTAT:TEN00126(1.0),19/01/22 11:00:00,A,FC_TRA_E,O4652XR5210B,KTOE,NO,2016,844.771,
ESTAT:TEN00126(1.0),19/01/22 11:00:00,A,FC_TRA_E,O4652XR5210B,KTOE,NO,2017,821.113,
ESTAT:TEN00126(1.0),19/01/22 11:00:00,A,FC_TRA_E,O4652XR5210B,KTOE,NO,2018,790.229,
ESTAT:TEN00126(1.0),19/01/22 11:00:00,A,FC_TRA_E,O4652XR5210B,KTOE,NO,2019,727.610,
ESTAT:TEN00126(1.0),19/01/22 11:00:00,A,FC_TRA_E,O4652XR5210B,KTOE,NO,2020,688.668,
ESTAT:TEN00126(1.0),19/01/22 11:00:00,A,FC_TRA_E,O4652XR5210B,KTOE,PL,2009,4294.927,
ESTAT:TEN00126(1.0),19/01/22 11:00:00,A,FC_TRA_E,O4652XR5210B,KTOE,PL,2010,4243.336,
ESTAT:TEN00126(1.0),19/01/22 11:00:00,A,FC_TRA_E,O4652XR5210B,KTOE,PL,2011,4013.328,
ESTAT:TEN00126(1.0),19/01/22 11:00:00,A,FC_TRA_E,O4652XR5210B,KTOE,PL,2012,3841.359,
ESTAT:TEN00126(1.0),19/01/22 11:00:00,A,FC_TRA_E,O4652XR5210B,KTOE,PL,2013,3659.716,
ESTAT:TEN00126(1.0),19/01/22 11:00:00,A,FC_TRA_E,O4652XR5210B,KTOE,PL,2014,3535.393,
ESTAT:TEN00126(1.0),19/01/22 11:00:00,A,FC_TRA_E,O4652XR5210B,KTOE,PL,2015,3654.199,
ESTAT:TEN00126(1.0),19/01/22 11:00:00,A,FC_TRA_E,O4652XR5210B,KTOE,PL,2016,3859.606,
ESTAT:TEN00126(1.0),19/01/22 11:00:00,A,FC_TRA_E,O4652XR5210B,KTOE,PL,2017,4218.907,
ESTAT:TEN00126(1.0),19/01/22 11:00:00,A,FC_TRA_E,O4652XR5210B,KTOE,PL,2018,4386.983,
ESTAT:TEN00126(1.0),19/01/22 11:00:00,A,FC_TRA_E,O4652XR5210B,KTOE,PL,2019,4535.698,
ESTAT:TEN00126(1.0),19/01/22 11:00:00,A,FC_TRA_E,O4652XR5210B,KTOE,PL,2020,4226.926,
ESTAT:TEN00126(1.0),19/01/22 11:00:00,A,FC_TRA_E,O4652XR5210B,KTOE,PT,2009,1528.041,
ESTAT:TEN00126(1.0),19/01/22 11:00:00,A,FC_TRA_E,O4652XR5210B,KTOE,PT,2010,1450.272,
ESTAT:TEN00126(1.0),19/01/22 11:00:00,A,FC_TRA_E,O4652XR5210B,KTOE,PT,2011,1306.296,
ESTAT:TEN00126(1.0),19/01/22 11:00:00,A,FC_TRA_E,O4652XR5210B,KTOE,PT,2012,1182.287,
ESTAT:TEN00126(1.0),19/01/22 11:00:00,A,FC_TRA_E,O4652XR5210B,KTOE,PT,2013,1151.810,
ESTAT:TEN00126(1.0),19/01/22 11:00:00,A,FC_TRA_E,O4652XR5210B,KTOE,PT,2014,1144.454,
ESTAT:TEN00126(1.0),19/01/22 11:00:00,A,FC_TRA_E,O4652XR5210B,KTOE,PT,2015,1099.264,
ESTAT:TEN00126(1.0),19/01/22 11:00:00,A,FC_TRA_E,O4652XR5210B,KTOE,PT,2016,1082.450,
ESTAT:TEN00126(1.0),19/01/22 11:00:00,A,FC_TRA_E,O4652XR5210B,KTOE,PT,2017,1080.017,
ESTAT:TEN00126(1.0),19/01/22 11:00:00,A,FC_TRA_E,O4652XR5210B,KTOE,PT,2018,1067.988,
ESTAT:TEN00126(1.0),19/01/22 11:00:00,A,FC_TRA_E,O4652XR5210B,KTOE,PT,2019,1106.876,
ESTAT:TEN00126(1.0),19/01/22 11:00:00,A,FC_TRA_E,O4652XR5210B,KTOE,PT,2020,916.122,
ESTAT:TEN00126(1.0),19/01/22 11:00:00,A,FC_TRA_E,O4652XR5210B,KTOE,RO,2009,1497.239,
ESTAT:TEN00126(1.0),19/01/22 11:00:00,A,FC_TRA_E,O4652XR5210B,KTOE,RO,2010,1412.298,
ESTAT:TEN00126(1.0),19/01/22 11:00:00,A,FC_TRA_E,O4652XR5210B,KTOE,RO,2011,1345.788,
ESTAT:TEN00126(1.0),19/01/22 11:00:00,A,FC_TRA_E,O4652XR5210B,KTOE,RO,2012,1331.239,
ESTAT:TEN00126(1.0),19/01/22 11:00:00,A,FC_TRA_E,O4652XR5210B,KTOE,RO,2013,1267.847,
ESTAT:TEN00126(1.0),19/01/22 11:00:00,A,FC_TRA_E,O4652XR5210B,KTOE,RO,2014,1354.102,
ESTAT:TEN00126(1.0),19/01/22 11:00:00,A,FC_TRA_E,O4652XR5210B,KTOE,RO,2015,1268.886,
ESTAT:TEN00126(1.0),19/01/22 11:00:00,A,FC_TRA_E,O4652XR5210B,KTOE,RO,2016,1326.043,
ESTAT:TEN00126(1.0),19/01/22 11:00:00,A,FC_TRA_E,O4652XR5210B,KTOE,RO,2017,1333.077,
ESTAT:TEN00126(1.0),19/01/22 11:00:00,A,FC_TRA_E,O4652XR5210B,KTOE,RO,2018,1320.309,
ESTAT:TEN00126(1.0),19/01/22 11:00:00,A,FC_TRA_E,O4652XR5210B,KTOE,RO,2019,1322.343,
ESTAT:TEN00126(1.0),19/01/22 11:00:00,A,FC_TRA_E,O4652XR5210B,KTOE,RO,2020,1234.260,
ESTAT:TEN00126(1.0),19/01/22 11:00:00,A,FC_TRA_E,O4652XR5210B,KTOE,RS,2009,548.913,
ESTAT:TEN00126(1.0),19/01/22 11:00:00,A,FC_TRA_E,O4652XR5210B,KTOE,RS,2010,496.483,
ESTAT:TEN00126(1.0),19/01/22 11:00:00,A,FC_TRA_E,O4652XR5210B,KTOE,RS,2011,456.892,
ESTAT:TEN00126(1.0),19/01/22 11:00:00,A,FC_TRA_E,O4652XR5210B,KTOE,RS,2012,428.002,
ESTAT:TEN00126(1.0),19/01/22 11:00:00,A,FC_TRA_E,O4652XR5210B,KTOE,RS,2013,390.552,
ESTAT:TEN00126(1.0),19/01/22 11:00:00,A,FC_TRA_E,O4652XR5210B,KTOE,RS,2014,410.882,
ESTAT:TEN00126(1.0),19/01/22 11:00:00,A,FC_TRA_E,O4652XR5210B,KTOE,RS,2015,426.932,
ESTAT:TEN00126(1.0),19/01/22 11:00:00,A,FC_TRA_E,O4652XR5210B,KTOE,RS,2016,442.982,
ESTAT:TEN00126(1.0),19/01/22 11:00:00,A,FC_TRA_E,O4652XR5210B,KTOE,RS,2017,447.821,
ESTAT:TEN00126(1.0),19/01/22 11:00:00,A,FC_TRA_E,O4652XR5210B,KTOE,RS,2018,449.639,
ESTAT:TEN00126(1.0),19/01/22 11:00:00,A,FC_TRA_E,O4652XR5210B,KTOE,RS,2019,459.857,
ESTAT:TEN00126(1.0),19/01/22 11:00:00,A,FC_TRA_E,O4652XR5210B,KTOE,RS,2020,420.713,
ESTAT:TEN00126(1.0),19/01/22 11:00:00,A,FC_TRA_E,O4652XR5210B,KTOE,SE,2009,3446.926,
ESTAT:TEN00126(1.0),19/01/22 11:00:00,A,FC_TRA_E,O4652XR5210B,KTOE,SE,2010,3227.968,
ESTAT:TEN00126(1.0),19/01/22 11:00:00,A,FC_TRA_E,O4652XR5210B,KTOE,SE,2011,2983.180,
ESTAT:TEN00126(1.0),19/01/22 11:00:00,A,FC_TRA_E,O4652XR5210B,KTOE,SE,2012,2722.559,
ESTAT:TEN00126(1.0),19/01/22 11:00:00,A,FC_TRA_E,O4652XR5210B,KTOE,SE,2013,2569.201,
ESTAT:TEN00126(1.0),19/01/22 11:00:00,A,FC_TRA_E,O4652XR5210B,KTOE,SE,2014,2462.943,
ESTAT:TEN00126(1.0),19/01/22 11:00:00,A,FC_TRA_E,O4652XR5210B,KTOE,SE,2015,2395.445,
ESTAT:TEN00126(1.0),19/01/22 11:00:00,A,FC_TRA_E,O4652XR5210B,KTOE,SE,2016,2289.417,
ESTAT:TEN00126(1.0),19/01/22 11:00:00,A,FC_TRA_E,O4652XR5210B,KTOE,SE,2017,2181.063,
ESTAT:TEN00126(1.0),19/01/22 11:00:00,A,FC_TRA_E,O4652XR5210B,KTOE,SE,2018,2039.413,
ESTAT:TEN00126(1.0),19/01/22 11:00:00,A,FC_TRA_E,O4652XR5210B,KTOE,SE,2019,1990.432,
ESTAT:TEN00126(1.0),19/01/22 11:00:00,A,FC_TRA_E,O4652XR5210B,KTOE,SE,2020,1817.766,
ESTAT:TEN00126(1.0),19/01/22 11:00:00,A,FC_TRA_E,O4652XR5210B,KTOE,SI,2009,614.788,
ESTAT:TEN00126(1.0),19/01/22 11:00:00,A,FC_TRA_E,O4652XR5210B,KTOE,SI,2010,600.125,
ESTAT:TEN00126(1.0),19/01/22 11:00:00,A,FC_TRA_E,O4652XR5210B,KTOE,SI,2011,582.321,
ESTAT:TEN00126(1.0),19/01/22 11:00:00,A,FC_TRA_E,O4652XR5210B,KTOE,SI,2012,525.764,
ESTAT:TEN00126(1.0),19/01/22 11:00:00,A,FC_TRA_E,O4652XR5210B,KTOE,SI,2013,478.634,
ESTAT:TEN00126(1.0),19/01/22 11:00:00,A,FC_TRA_E,O4652XR5210B,KTOE,SI,2014,447.214,
ESTAT:TEN00126(1.0),19/01/22 11:00:00,A,FC_TRA_E,O4652XR5210B,KTOE,SI,2015,436.740,
ESTAT:TEN00126(1.0),19/01/22 11:00:00,A,FC_TRA_E,O4652XR5210B,KTOE,SI,2016,433.598,
ESTAT:TEN00126(1.0),19/01/22 11:00:00,A,FC_TRA_E,O4652XR5210B,KTOE,SI,2017,422.887,
ESTAT:TEN00126(1.0),19/01/22 11:00:00,A,FC_TRA_E,O4652XR5210B,KTOE,SI,2018,425.651,
ESTAT:TEN00126(1.0),19/01/22 11:00:00,A,FC_TRA_E,O4652XR5210B,KTOE,SI,2019,407.666,
ESTAT:TEN00126(1.0),19/01/22 11:00:00,A,FC_TRA_E,O4652XR5210B,KTOE,SI,2020,321.921,
ESTAT:TEN00126(1.0),19/01/22 11:00:00,A,FC_TRA_E,O4652XR5210B,KTOE,SK,2009,610.502,
ESTAT:TEN00126(1.0),19/01/22 11:00:00,A,FC_TRA_E,O4652XR5210B,KTOE,SK,2010,599.500,
ESTAT:TEN00126(1.0),19/01/22 11:00:00,A,FC_TRA_E,O4652XR5210B,KTOE,SK,2011,569.889,
ESTAT:TEN00126(1.0),19/01/22 11:00:00,A,FC_TRA_E,O4652XR5210B,KTOE,SK,2012,554.742,
ESTAT:TEN00126(1.0),19/01/22 11:00:00,A,FC_TRA_E,O4652XR5210B,KTOE,SK,2013,562.680,
ESTAT:TEN00126(1.0),19/01/22 11:00:00,A,FC_TRA_E,O4652XR5210B,KTOE,SK,2014,551.591,
ESTAT:TEN00126(1.0),19/01/22 11:00:00,A,FC_TRA_E,O4652XR5210B,KTOE,SK,2015,576.812,
ESTAT:TEN00126(1.0),19/01/22 11:00:00,A,FC_TRA_E,O4652XR5210B,KTOE,SK,2016,609.309,
ESTAT:TEN00126(1.0),19/01/22 11:00:00,A,FC_TRA_E,O4652XR5210B,KTOE,SK,2017,609.184,
ESTAT:TEN00126(1.0),19/01/22 11:00:00,A,FC_TRA_E,O4652XR5210B,KTOE,SK,2018,570.844,
ESTAT:TEN00126(1.0),19/01/22 11:00:00,A,FC_TRA_E,O4652XR5210B,KTOE,SK,2019,548.808,
ESTAT:TEN00126(1.0),19/01/22 11:00:00,A,FC_TRA_E,O4652XR5210B,KTOE,SK,2020,503.663,
ESTAT:TEN00126(1.0),19/01/22 11:00:00,A,FC_TRA_E,O4652XR5210B,KTOE,TR,2009,2560.571,
ESTAT:TEN00126(1.0),19/01/22 11:00:00,A,FC_TRA_E,O4652XR5210B,KTOE,TR,2010,2145.801,
ESTAT:TEN00126(1.0),19/01/22 11:00:00,A,FC_TRA_E,O4652XR5210B,KTOE,TR,2011,1910.906,
ESTAT:TEN00126(1.0),19/01/22 11:00:00,A,FC_TRA_E,O4652XR5210B,KTOE,TR,2012,1894.377,
ESTAT:TEN00126(1.0),19/01/22 11:00:00,A,FC_TRA_E,O4652XR5210B,KTOE,TR,2013,1922.402,
ESTAT:TEN00126(1.0),19/01/22 11:00:00,A,FC_TRA_E,O4652XR5210B,KTOE,TR,2014,1991.636,
ESTAT:TEN00126(1.0),19/01/22 11:00:00,A,FC_TRA_E,O4652XR5210B,KTOE,TR,2015,2161.786,
ESTAT:TEN00126(1.0),19/01/22 11:00:00,A,FC_TRA_E,O4652XR5210B,KTOE,TR,2016,2305.914,
ESTAT:TEN00126(1.0),19/01/22 11:00:00,A,FC_TRA_E,O4652XR5210B,KTOE,TR,2017,2376.536,
ESTAT:TEN00126(1.0),19/01/22 11:00:00,A,FC_TRA_E,O4652XR5210B,KTOE,TR,2018,2326.512,
ESTAT:TEN00126(1.0),19/01/22 11:00:00,A,FC_TRA_E,O4652XR5210B,KTOE,TR,2019,2388.103,
ESTAT:TEN00126(1.0),19/01/22 11:00:00,A,FC_TRA_E,O4652XR5210B,KTOE,TR,2020,2391.417,
ESTAT:TEN00126(1.0),19/01/22 11:00:00,A,FC_TRA_E,O4652XR5210B,KTOE,UA,2009,4945.639,
ESTAT:TEN00126(1.0),19/01/22 11:00:00,A,FC_TRA_E,O4652XR5210B,KTOE,UA,2010,4868.921,
ESTAT:TEN00126(1.0),19/01/22 11:00:00,A,FC_TRA_E,O4652XR5210B,KTOE,UA,2011,4587.500,
ESTAT:TEN00126(1.0),19/01/22 11:00:00,A,FC_TRA_E,O4652XR5210B,KTOE,UA,2012,4455.909,
ESTAT:TEN00126(1.0),19/01/22 11:00:00,A,FC_TRA_E,O4652XR5210B,KTOE,UA,2013,4158.498,
ESTAT:TEN00126(1.0),19/01/22 11:00:00,A,FC_TRA_E,O4652XR5210B,KTOE,UA,2014,3303.048,
ESTAT:TEN00126(1.0),19/01/22 11:00:00,A,FC_TRA_E,O4652XR5210B,KTOE,UA,2015,2518.009,
ESTAT:TEN00126(1.0),19/01/22 11:00:00,A,FC_TRA_E,O4652XR5210B,KTOE,UA,2016,2281.552,
ESTAT:TEN00126(1.0),19/01/22 11:00:00,A,FC_TRA_E,O4652XR5210B,KTOE,UA,2017,2062.960,
ESTAT:TEN00126(1.0),19/01/22 11:00:00,A,FC_TRA_E,O4652XR5210B,KTOE,UA,2018,1853.826,
ESTAT:TEN00126(1.0),19/01/22 11:00:00,A,FC_TRA_E,O4652XR5210B,KTOE,UA,2019,1659.322,
ESTAT:TEN00126(1.0),19/01/22 11:00:00,A,FC_TRA_E,O4652XR5210B,KTOE,UA,2020,1776.584,
ESTAT:TEN00126(1.0),19/01/22 11:00:00,A,FC_TRA_E,O4652XR5210B,KTOE,UK,2009,16684.744,
ESTAT:TEN00126(1.0),19/01/22 11:00:00,A,FC_TRA_E,O4652XR5210B,KTOE,UK,2010,15597.978,
ESTAT:TEN00126(1.0),19/01/22 11:00:00,A,FC_TRA_E,O4652XR5210B,KTOE,UK,2011,14850.804,
ESTAT:TEN00126(1.0),19/01/22 11:00:00,A,FC_TRA_E,O4652XR5210B,KTOE,UK,2012,14153.454,
ESTAT:TEN00126(1.0),19/01/22 11:00:00,A,FC_TRA_E,O4652XR5210B,KTOE,UK,2013,13450.048,
ESTAT:TEN00126(1.0),19/01/22 11:00:00,A,FC_TRA_E,O4652XR5210B,KTOE,UK,2014,13185.063,
ESTAT:TEN00126(1.0),19/01/22 11:00:00,A,FC_TRA_E,O4652XR5210B,KTOE,UK,2015,12925.976,
ESTAT:TEN00126(1.0),19/01/22 11:00:00,A,FC_TRA_E,O4652XR5210B,KTOE,UK,2016,12784.282,
ESTAT:TEN00126(1.0),19/01/22 11:00:00,A,FC_TRA_E,O4652XR5210B,KTOE,UK,2017,12603.991,
ESTAT:TEN00126(1.0),19/01/22 11:00:00,A,FC_TRA_E,O4652XR5210B,KTOE,UK,2018,12367.667,
ESTAT:TEN00126(1.0),19/01/22 11:00:00,A,FC_TRA_E,O4652XR5210B,KTOE,UK,2019,12492.713,
ESTAT:TEN00126(1.0),19/01/22 11:00:00,A,FC_TRA_E,O4652XR5210B,KTOE,XK,2009,86.763,
ESTAT:TEN00126(1.0),19/01/22 11:00:00,A,FC_TRA_E,O4652XR5210B,KTOE,XK,2010,75.124,
ESTAT:TEN00126(1.0),19/01/22 11:00:00,A,FC_TRA_E,O4652XR5210B,KTOE,XK,2011,71.950,
ESTAT:TEN00126(1.0),19/01/22 11:00:00,A,FC_TRA_E,O4652XR5210B,KTOE,XK,2012,67.718,
ESTAT:TEN00126(1.0),19/01/22 11:00:00,A,FC_TRA_E,O4652XR5210B,KTOE,XK,2013,62.427,
ESTAT:TEN00126(1.0),19/01/22 11:00:00,A,FC_TRA_E,O4652XR5210B,KTOE,XK,2014,66.810,
ESTAT:TEN00126(1.0),19/01/22 11:00:00,A,FC_TRA_E,O4652XR5210B,KTOE,XK,2015,67.870,
ESTAT:TEN00126(1.0),19/01/22 11:00:00,A,FC_TRA_E,O4652XR5210B,KTOE,XK,2016,69.991,
ESTAT:TEN00126(1.0),19/01/22 11:00:00,A,FC_TRA_E,O4652XR5210B,KTOE,XK,2017,65.774,
ESTAT:TEN00126(1.0),19/01/22 11:00:00,A,FC_TRA_E,O4652XR5210B,KTOE,XK,2018,61.452,
ESTAT:TEN00126(1.0),19/01/22 11:00:00,A,FC_TRA_E,O4652XR5210B,KTOE,XK,2019,61.625,
ESTAT:TEN00126(1.0),19/01/22 11:00:00,A,FC_TRA_E,O4652XR5210B,KTOE,XK,2020,54.234,
ESTAT:TEN00126(1.0),19/01/22 11:00:00,A,FC_TRA_E,O4661XR5230B,KTOE,AL,2009,0.000,
ESTAT:TEN00126(1.0),19/01/22 11:00:00,A,FC_TRA_E,O4661XR5230B,KTOE,AL,2010,0.000,
ESTAT:TEN00126(1.0),19/01/22 11:00:00,A,FC_TRA_E,O4661XR5230B,KTOE,AL,2011,0.000,
ESTAT:TEN00126(1.0),19/01/22 11:00:00,A,FC_TRA_E,O4661XR5230B,KTOE,AL,2012,0.000,
ESTAT:TEN00126(1.0),19/01/22 11:00:00,A,FC_TRA_E,O4661XR5230B,KTOE,AL,2013,0.000,
ESTAT:TEN00126(1.0),19/01/22 11:00:00,A,FC_TRA_E,O4661XR5230B,KTOE,AL,2014,0.000,
ESTAT:TEN00126(1.0),19/01/22 11:00:00,A,FC_TRA_E,O4661XR5230B,KTOE,AL,2015,0.000,
ESTAT:TEN00126(1.0),19/01/22 11:00:00,A,FC_TRA_E,O4661XR5230B,KTOE,AL,2016,1.027,
ESTAT:TEN00126(1.0),19/01/22 11:00:00,A,FC_TRA_E,O4661XR5230B,KTOE,AL,2017,0.000,
ESTAT:TEN00126(1.0),19/01/22 11:00:00,A,FC_TRA_E,O4661XR5230B,KTOE,AL,2018,0.000,
ESTAT:TEN00126(1.0),19/01/22 11:00:00,A,FC_TRA_E,O4661XR5230B,KTOE,AL,2019,0.000,
ESTAT:TEN00126(1.0),19/01/22 11:00:00,A,FC_TRA_E,O4661XR5230B,KTOE,AL,2020,0.000,
ESTAT:TEN00126(1.0),19/01/22 11:00:00,A,FC_TRA_E,O4661XR5230B,KTOE,AT,2009,33.153,
ESTAT:TEN00126(1.0),19/01/22 11:00:00,A,FC_TRA_E,O4661XR5230B,KTOE,AT,2010,32.443,
ESTAT:TEN00126(1.0),19/01/22 11:00:00,A,FC_TRA_E,O4661XR5230B,KTOE,AT,2011,30.539,
ESTAT:TEN00126(1.0),19/01/22 11:00:00,A,FC_TRA_E,O4661XR5230B,KTOE,AT,2012,30.278,
ESTAT:TEN00126(1.0),19/01/22 11:00:00,A,FC_TRA_E,O4661XR5230B,KTOE,AT,2013,30.359,
ESTAT:TEN00126(1.0),19/01/22 11:00:00,A,FC_TRA_E,O4661XR5230B,KTOE,AT,2014,29.241,
ESTAT:TEN00126(1.0),19/01/22 11:00:00,A,FC_TRA_E,O4661XR5230B,KTOE,AT,2015,29.145,
ESTAT:TEN00126(1.0),19/01/22 11:00:00,A,FC_TRA_E,O4661XR5230B,KTOE,AT,2016,27.936,
ESTAT:TEN00126(1.0),19/01/22 11:00:00,A,FC_TRA_E,O4661XR5230B,KTOE,AT,2017,27.377,
ESTAT:TEN00126(1.0),19/01/22 11:00:00,A,FC_TRA_E,O4661XR5230B,KTOE,AT,2018,28.826,
ESTAT:TEN00126(1.0),19/01/22 11:00:00,A,FC_TRA_E,O4661XR5230B,KTOE,AT,2019,29.131,
ESTAT:TEN00126(1.0),19/01/22 11:00:00,A,FC_TRA_E,O4661XR5230B,KTOE,AT,2020,29.131,
ESTAT:TEN00126(1.0),19/01/22 11:00:00,A,FC_TRA_E,O4661XR5230B,KTOE,BA,2014,0.000,
ESTAT:TEN00126(1.0),19/01/22 11:00:00,A,FC_TRA_E,O4661XR5230B,KTOE,BA,2015,0.000,
ESTAT:TEN00126(1.0),19/01/22 11:00:00,A,FC_TRA_E,O4661XR5230B,KTOE,BA,2016,0.000,
ESTAT:TEN00126(1.0),19/01/22 11:00:00,A,FC_TRA_E,O4661XR5230B,KTOE,BA,2017,0.000,
ESTAT:TEN00126(1.0),19/01/22 11:00:00,A,FC_TRA_E,O4661XR5230B,KTOE,BA,2018,0.000,
ESTAT:TEN00126(1.0),19/01/22 11:00:00,A,FC_TRA_E,O4661XR5230B,KTOE,BA,2019,0.000,
ESTAT:TEN00126(1.0),19/01/22 11:00:00,A,FC_TRA_E,O4661XR5230B,KTOE,BE,2009,3.287,
ESTAT:TEN00126(1.0),19/01/22 11:00:00,A,FC_TRA_E,O4661XR5230B,KTOE,BE,2010,3.697,
ESTAT:TEN00126(1.0),19/01/22 11:00:00,A,FC_TRA_E,O4661XR5230B,KTOE,BE,2011,3.800,
ESTAT:TEN00126(1.0),19/01/22 11:00:00,A,FC_TRA_E,O4661XR5230B,KTOE,BE,2012,3.389,
ESTAT:TEN00126(1.0),19/01/22 11:00:00,A,FC_TRA_E,O4661XR5230B,KTOE,BE,2013,2.978,
ESTAT:TEN00126(1.0),19/01/22 11:00:00,A,FC_TRA_E,O4661XR5230B,KTOE,BE,2014,2.773,
ESTAT:TEN00126(1.0),19/01/22 11:00:00,A,FC_TRA_E,O4661XR5230B,KTOE,BE,2015,2.362,
ESTAT:TEN00126(1.0),19/01/22 11:00:00,A,FC_TRA_E,O4661XR5230B,KTOE,BE,2016,1.849,
ESTAT:TEN00126(1.0),19/01/22 11:00:00,A,FC_TRA_E,O4661XR5230B,KTOE,BE,2017,1.849,
ESTAT:TEN00126(1.0),19/01/22 11:00:00,A,FC_TRA_E,O4661XR5230B,KTOE,BE,2018,1.849,
ESTAT:TEN00126(1.0),19/01/22 11:00:00,A,FC_TRA_E,O4661XR5230B,KTOE,BE,2019,1.849,
ESTAT:TEN00126(1.0),19/01/22 11:00:00,A,FC_TRA_E,O4661XR5230B,KTOE,BE,2020,1.264,
ESTAT:TEN00126(1.0),19/01/22 11:00:00,A,FC_TRA_E,O4661XR5230B,KTOE,BG,2009,22.595,
ESTAT:TEN00126(1.0),19/01/22 11:00:00,A,FC_TRA_E,O4661XR5230B,KTOE,BG,2010,14.379,
ESTAT:TEN00126(1.0),19/01/22 11:00:00,A,FC_TRA_E,O4661XR5230B,KTOE,BG,2011,20.541,
ESTAT:TEN00126(1.0),19/01/22 11:00:00,A,FC_TRA_E,O4661XR5230B,KTOE,BG,2012,10.270,
ESTAT:TEN00126(1.0),19/01/22 11:00:00,A,FC_TRA_E,O4661XR5230B,KTOE,BG,2013,11.297,
ESTAT:TEN00126(1.0),19/01/22 11:00:00,A,FC_TRA_E,O4661XR5230B,KTOE,BG,2014,8.216,
ESTAT:TEN00126(1.0),19/01/22 11:00:00,A,FC_TRA_E,O4661XR5230B,KTOE,BG,2015,12.324,
ESTAT:TEN00126(1.0),19/01/22 11:00:00,A,FC_TRA_E,O4661XR5230B,KTOE,BG,2016,19.514,
ESTAT:TEN00126(1.0),19/01/22 11:00:00,A,FC_TRA_E,O4661XR5230B,KTOE,BG,2017,20.121,
ESTAT:TEN00126(1.0),19/01/22 11:00:00,A,FC_TRA_E,O4661XR5230B,KTOE,BG,2018,17.120,
ESTAT:TEN00126(1.0),19/01/22 11:00:00,A,FC_TRA_E,O4661XR5230B,KTOE,BG,2019,11.112,
ESTAT:TEN00126(1.0),19/01/22 11:00:00,A,FC_TRA_E,O4661XR5230B,KTOE,BG,2020,8.331,
ESTAT:TEN00126(1.0),19/01/22 11:00:00,A,FC_TRA_E,O4661XR5230B,KTOE,CY,2009,0.000,
ESTAT:TEN00126(1.0),19/01/22 11:00:00,A,FC_TRA_E,O4661XR5230B,KTOE,CY,2010,0.000,
ESTAT:TEN00126(1.0),19/01/22 11:00:00,A,FC_TRA_E,O4661XR5230B,KTOE,CY,2011,0.000,
ESTAT:TEN00126(1.0),19/01/22 11:00:00,A,FC_TRA_E,O4661XR5230B,KTOE,CY,2012,0.000,
ESTAT:TEN00126(1.0),19/01/22 11:00:00,A,FC_TRA_E,O4661XR5230B,KTOE,CY,2013,0.000,
ESTAT:TEN00126(1.0),19/01/22 11:00:00,A,FC_TRA_E,O4661XR5230B,KTOE,CY,2014,0.000,
ESTAT:TEN00126(1.0),19/01/22 11:00:00,A,FC_TRA_E,O4661XR5230B,KTOE,CY,2015,0.000,
ESTAT:TEN00126(1.0),19/01/22 11:00:00,A,FC_TRA_E,O4661XR5230B,KTOE,CY,2016,0.000,
ESTAT:TEN00126(1.0),19/01/22 11:00:00,A,FC_TRA_E,O4661XR5230B,KTOE,CY,2017,1.938,
ESTAT:TEN00126(1.0),19/01/22 11:00:00,A,FC_TRA_E,O4661XR5230B,KTOE,CY,2018,1.861,
ESTAT:TEN00126(1.0),19/01/22 11:00:00,A,FC_TRA_E,O4661XR5230B,KTOE,CY,2019,1.375,
ESTAT:TEN00126(1.0),19/01/22 11:00:00,A,FC_TRA_E,O4661XR5230B,KTOE,CY,2020,1.271,
ESTAT:TEN00126(1.0),19/01/22 11:00:00,A,FC_TRA_E,O4661XR5230B,KTOE,CZ,2009,29.992,
ESTAT:TEN00126(1.0),19/01/22 11:00:00,A,FC_TRA_E,O4661XR5230B,KTOE,CZ,2010,27.923,
ESTAT:TEN00126(1.0),19/01/22 11:00:00,A,FC_TRA_E,O4661XR5230B,KTOE,CZ,2011,43.437,
ESTAT:TEN00126(1.0),19/01/22 11:00:00,A,FC_TRA_E,O4661XR5230B,KTOE,CZ,2012,19.650,
ESTAT:TEN00126(1.0),19/01/22 11:00:00,A,FC_TRA_E,O4661XR5230B,KTOE,CZ,2013,17.581,
ESTAT:TEN00126(1.0),19/01/22 11:00:00,A,FC_TRA_E,O4661XR5230B,KTOE,CZ,2014,16.547,
ESTAT:TEN00126(1.0),19/01/22 11:00:00,A,FC_TRA_E,O4661XR5230B,KTOE,CZ,2015,35.163,
ESTAT:TEN00126(1.0),19/01/22 11:00:00,A,FC_TRA_E,O4661XR5230B,KTOE,CZ,2016,39.300,
ESTAT:TEN00126(1.0),19/01/22 11:00:00,A,FC_TRA_E,O4661XR5230B,KTOE,CZ,2017,49.642,
ESTAT:TEN00126(1.0),19/01/22 11:00:00,A,FC_TRA_E,O4661XR5230B,KTOE,CZ,2018,31.026,
ESTAT:TEN00126(1.0),19/01/22 11:00:00,A,FC_TRA_E,O4661XR5230B,KTOE,CZ,2019,44.471,
ESTAT:TEN00126(1.0),19/01/22 11:00:00,A,FC_TRA_E,O4661XR5230B,KTOE,CZ,2020,39.300,
ESTAT:TEN00126(1.0),19/01/22 11:00:00,A,FC_TRA_E,O4661XR5230B,KTOE,DE,2009,825.986,
ESTAT:TEN00126(1.0),19/01/22 11:00:00,A,FC_TRA_E,O4661XR5230B,KTOE,DE,2010,772.829,
ESTAT:TEN00126(1.0),19/01/22 11:00:00,A,FC_TRA_E,O4661XR5230B,KTOE,DE,2011,709.449,
ESTAT:TEN00126(1.0),19/01/22 11:00:00,A,FC_TRA_E,O4661XR5230B,KTOE,DE,2012,710.471,
ESTAT:TEN00126(1.0),19/01/22 11:00:00,A,FC_TRA_E,O4661XR5230B,KTOE,DE,2013,666.514,
ESTAT:TEN00126(1.0),19/01/22 11:00:00,A,FC_TRA_E,O4661XR5230B,KTOE,DE,2014,715.582,
ESTAT:TEN00126(1.0),19/01/22 11:00:00,A,FC_TRA_E,O4661XR5230B,KTOE,DE,2015,716.605,
ESTAT:TEN00126(1.0),19/01/22 11:00:00,A,FC_TRA_E,O4661XR5230B,KTOE,DE,2016,766.695,
ESTAT:TEN00126(1.0),19/01/22 11:00:00,A,FC_TRA_E,O4661XR5230B,KTOE,DE,2017,663.447,
ESTAT:TEN00126(1.0),19/01/22 11:00:00,A,FC_TRA_E,O4661XR5230B,KTOE,DE,2018,641.980,
ESTAT:TEN00126(1.0),19/01/22 11:00:00,A,FC_TRA_E,O4661XR5230B,KTOE,DE,2019,722.738,
ESTAT:TEN00126(1.0),19/01/22 11:00:00,A,FC_TRA_E,O4661XR5230B,KTOE,DE,2020,291.344,
ESTAT:TEN00126(1.0),19/01/22 11:00:00,A,FC_TRA_E,O4661XR5230B,KTOE,DK,2009,42.598,
ESTAT:TEN00126(1.0),19/01/22 11:00:00,A,FC_TRA_E,O4661XR5230B,KTOE,DK,2010,45.715,
ESTAT:TEN00126(1.0),19/01/22 11:00:00,A,FC_TRA_E,O4661XR5230B,KTOE,DK,2011,43.637,
ESTAT:TEN00126(1.0),19/01/22 11:00:00,A,FC_TRA_E,O4661XR5230B,KTOE,DK,2012,37.403,
ESTAT:TEN00126(1.0),19/01/22 11:00:00,A,FC_TRA_E,O4661XR5230B,KTOE,DK,2013,36.364,
ESTAT:TEN00126(1.0),19/01/22 11:00:00,A,FC_TRA_E,O4661XR5230B,KTOE,DK,2014,35.325,
ESTAT:TEN00126(1.0),19/01/22 11:00:00,A,FC_TRA_E,O4661XR5230B,KTOE,DK,2015,32.676,
ESTAT:TEN00126(1.0),19/01/22 11:00:00,A,FC_TRA_E,O4661XR5230B,KTOE,DK,2016,33.947,
ESTAT:TEN00126(1.0),19/01/22 11:00:00,A,FC_TRA_E,O4661XR5230B,KTOE,DK,2017,32.732,
ESTAT:TEN00126(1.0),19/01/22 11:00:00,A,FC_TRA_E,O4661XR5230B,KTOE,DK,2018,30.507,
ESTAT:TEN00126(1.0),19/01/22 11:00:00,A,FC_TRA_E,O4661XR5230B,KTOE,DK,2019,30.813,
ESTAT:TEN00126(1.0),19/01/22 11:00:00,A,FC_TRA_E,O4661XR5230B,KTOE,DK,2020,15.994,
ESTAT:TEN00126(1.0),19/01/22 11:00:00,A,FC_TRA_E,O4661XR5230B,KTOE,EA19,2009,5017.517,
ESTAT:TEN00126(1.0),19/01/22 11:00:00,A,FC_TRA_E,O4661XR5230B,KTOE,EA19,2010,5178.569,
ESTAT:TEN00126(1.0),19/01/22 11:00:00,A,FC_TRA_E,O4661XR5230B,KTOE,EA19,2011,5533.523,
ESTAT:TEN00126(1.0),19/01/22 11:00:00,A,FC_TRA_E,O4661XR5230B,KTOE,EA19,2012,5173.820,
ESTAT:TEN00126(1.0),19/01/22 11:00:00,A,FC_TRA_E,O4661XR5230B,KTOE,EA19,2013,4812.485,
ESTAT:TEN00126(1.0),19/01/22 11:00:00,A,FC_TRA_E,O4661XR5230B,KTOE,EA19,2014,4858.668,
ESTAT:TEN00126(1.0),19/01/22 11:00:00,A,FC_TRA_E,O4661XR5230B,KTOE,EA19,2015,5037.408,
ESTAT:TEN00126(1.0),19/01/22 11:00:00,A,FC_TRA_E,O4661XR5230B,KTOE,EA19,2016,5339.335,
ESTAT:TEN00126(1.0),19/01/22 11:00:00,A,FC_TRA_E,O4661XR5230B,KTOE,EA19,2017,5570.183,
ESTAT:TEN00126(1.0),19/01/22 11:00:00,A,FC_TRA_E,O4661XR5230B,KTOE,EA19,2018,5854.634,
ESTAT:TEN00126(1.0),19/01/22 11:00:00,A,FC_TRA_E,O4661XR5230B,KTOE,EA19,2019,6105.861,
ESTAT:TEN00126(1.0),19/01/22 11:00:00,A,FC_TRA_E,O4661XR5230B,KTOE,EA19,2020,2852.117,
ESTAT:TEN00126(1.0),19/01/22 11:00:00,A,FC_TRA_E,O4661XR5230B,KTOE,EE,2009,1.061,
ESTAT:TEN00126(1.0),19/01/22 11:00:00,A,FC_TRA_E,O4661XR5230B,KTOE,EE,2010,0.934,
ESTAT:TEN00126(1.0),19/01/22 11:00:00,A,FC_TRA_E,O4661XR5230B,KTOE,EE,2011,1.133,
ESTAT:TEN00126(1.0),19/01/22 11:00:00,A,FC_TRA_E,O4661XR5230B,KTOE,EE,2012,1.008,
ESTAT:TEN00126(1.0),19/01/22 11:00:00,A,FC_TRA_E,O4661XR5230B,KTOE,EE,2013,1.302,
ESTAT:TEN00126(1.0),19/01/22 11:00:00,A,FC_TRA_E,O4661XR5230B,KTOE,EE,2014,1.315,
ESTAT:TEN00126(1.0),19/01/22 11:00:00,A,FC_TRA_E,O4661XR5230B,KTOE,EE,2015,1.389,
ESTAT:TEN00126(1.0),19/01/22 11:00:00,A,FC_TRA_E,O4661XR5230B,KTOE,EE,2016,1.131,
ESTAT:TEN00126(1.0),19/01/22 11:00:00,A,FC_TRA_E,O4661XR5230B,KTOE,EE,2017,1.194,
ESTAT:TEN00126(1.0),19/01/22 11:00:00,A,FC_TRA_E,O4661XR5230B,KTOE,EE,2018,1.333,
ESTAT:TEN00126(1.0),19/01/22 11:00:00,A,FC_TRA_E,O4661XR5230B,KTOE,EE,2019,1.291,
ESTAT:TEN00126(1.0),19/01/22 11:00:00,A,FC_TRA_E,O4661XR5230B,KTOE,EE,2020,1.201,
ESTAT:TEN00126(1.0),19/01/22 11:00:00,A,FC_TRA_E,O4661XR5230B,KTOE,EL,2009,285.516,
ESTAT:TEN00126(1.0),19/01/22 11:00:00,A,FC_TRA_E,O4661XR5230B,KTOE,EL,2010,234.165,
ESTAT:TEN00126(1.0),19/01/22 11:00:00,A,FC_TRA_E,O4661XR5230B,KTOE,EL,2011,219.786,
ESTAT:TEN00126(1.0),19/01/22 11:00:00,A,FC_TRA_E,O4661XR5230B,KTOE,EL,2012,184.867,
ESTAT:TEN00126(1.0),19/01/22 11:00:00,A,FC_TRA_E,O4661XR5230B,KTOE,EL,2013,174.596,
ESTAT:TEN00126(1.0),19/01/22 11:00:00,A,FC_TRA_E,O4661XR5230B,KTOE,EL,2014,177.677,
ESTAT:TEN00126(1.0),19/01/22 11:00:00,A,FC_TRA_E,O4661XR5230B,KTOE,EL,2015,166.380,
ESTAT:TEN00126(1.0),19/01/22 11:00:00,A,FC_TRA_E,O4661XR5230B,KTOE,EL,2016,186.921,
ESTAT:TEN00126(1.0),19/01/22 11:00:00,A,FC_TRA_E,O4661XR5230B,KTOE,EL,2017,192.848,
ESTAT:TEN00126(1.0),19/01/22 11:00:00,A,FC_TRA_E,O4661XR5230B,KTOE,EL,2018,220.110,
ESTAT:TEN00126(1.0),19/01/22 11:00:00,A,FC_TRA_E,O4661XR5230B,KTOE,EL,2019,222.394,
ESTAT:TEN00126(1.0),19/01/22 11:00:00,A,FC_TRA_E,O4661XR5230B,KTOE,EL,2020,88.546,
ESTAT:TEN00126(1.0),19/01/22 11:00:00,A,FC_TRA_E,O4661XR5230B,KTOE,ES,2009,2154.020,
ESTAT:TEN00126(1.0),19/01/22 11:00:00,A,FC_TRA_E,O4661XR5230B,KTOE,ES,2010,2404.708,
ESTAT:TEN00126(1.0),19/01/22 11:00:00,A,FC_TRA_E,O4661XR5230B,KTOE,ES,2011,2157.180,
ESTAT:TEN00126(1.0),19/01/22 11:00:00,A,FC_TRA_E,O4661XR5230B,KTOE,ES,2012,1867.519,
ESTAT:TEN00126(1.0),19/01/22 11:00:00,A,FC_TRA_E,O4661XR5230B,KTOE,ES,2013,1590.499,
ESTAT:TEN00126(1.0),19/01/22 11:00:00,A,FC_TRA_E,O4661XR5230B,KTOE,ES,2014,1687.403,
ESTAT:TEN00126(1.0),19/01/22 11:00:00,A,FC_TRA_E,O4661XR5230B,KTOE,ES,2015,1824.334,
ESTAT:TEN00126(1.0),19/01/22 11:00:00,A,FC_TRA_E,O4661XR5230B,KTOE,ES,2016,1985.490,
ESTAT:TEN00126(1.0),19/01/22 11:00:00,A,FC_TRA_E,O4661XR5230B,KTOE,ES,2017,2158.233,
ESTAT:TEN00126(1.0),19/01/22 11:00:00,A,FC_TRA_E,O4661XR5230B,KTOE,ES,2018,2245.658,
ESTAT:TEN00126(1.0),19/01/22 11:00:00,A,FC_TRA_E,O4661XR5230B,KTOE,ES,2019,2373.108,
ESTAT:TEN00126(1.0),19/01/22 11:00:00,A,FC_TRA_E,O4661XR5230B,KTOE,ES,2020,955.353,
ESTAT:TEN00126(1.0),19/01/22 11:00:00,A,FC_TRA_E,O4661XR5230B,KTOE,EU27_2020,2009,5379.375,
ESTAT:TEN00126(1.0),19/01/22 11:00:00,A,FC_TRA_E,O4661XR5230B,KTOE,EU27_2020,2010,5546.412,
ESTAT:TEN00126(1.0),19/01/22 11:00:00,A,FC_TRA_E,O4661XR5230B,KTOE,EU27_2020,2011,5908.451,
ESTAT:TEN00126(1.0),19/01/22 11:00:00,A,FC_TRA_E,O4661XR5230B,KTOE,EU27_2020,2012,5481.427,
ESTAT:TEN00126(1.0),19/01/22 11:00:00,A,FC_TRA_E,O4661XR5230B,KTOE,EU27_2020,2013,5123.293,
ESTAT:TEN00126(1.0),19/01/22 11:00:00,A,FC_TRA_E,O4661XR5230B,KTOE,EU27_2020,2014,5151.711,
ESTAT:TEN00126(1.0),19/01/22 11:00:00,A,FC_TRA_E,O4661XR5230B,KTOE,EU27_2020,2015,5350.951,
ESTAT:TEN00126(1.0),19/01/22 11:00:00,A,FC_TRA_E,O4661XR5230B,KTOE,EU27_2020,2016,5678.616,
ESTAT:TEN00126(1.0),19/01/22 11:00:00,A,FC_TRA_E,O4661XR5230B,KTOE,EU27_2020,2017,5942.146,
ESTAT:TEN00126(1.0),19/01/22 11:00:00,A,FC_TRA_E,O4661XR5230B,KTOE,EU27_2020,2018,6203.180,
ESTAT:TEN00126(1.0),19/01/22 11:00:00,A,FC_TRA_E,O4661XR5230B,KTOE,EU27_2020,2019,6453.994,
ESTAT:TEN00126(1.0),19/01/22 11:00:00,A,FC_TRA_E,O4661XR5230B,KTOE,EU27_2020,2020,3033.766,
ESTAT:TEN00126(1.0),19/01/22 11:00:00,A,FC_TRA_E,O4661XR5230B,KTOE,FI,2009,79.634,
ESTAT:TEN00126(1.0),19/01/22 11:00:00,A,FC_TRA_E,O4661XR5230B,KTOE,FI,2010,77.565,
ESTAT:TEN00126(1.0),19/01/22 11:00:00,A,FC_TRA_E,O4661XR5230B,KTOE,FI,2011,86.873,
ESTAT:TEN00126(1.0),19/01/22 11:00:00,A,FC_TRA_E,O4661XR5230B,KTOE,FI,2012,72.394,
ESTAT:TEN00126(1.0),19/01/22 11:00:00,A,FC_TRA_E,O4661XR5230B,KTOE,FI,2013,62.052,
ESTAT:TEN00126(1.0),19/01/22 11:00:00,A,FC_TRA_E,O4661XR5230B,KTOE,FI,2014,62.052,
ESTAT:TEN00126(1.0),19/01/22 11:00:00,A,FC_TRA_E,O4661XR5230B,KTOE,FI,2015,59.984,
ESTAT:TEN00126(1.0),19/01/22 11:00:00,A,FC_TRA_E,O4661XR5230B,KTOE,FI,2016,61.018,
ESTAT:TEN00126(1.0),19/01/22 11:00:00,A,FC_TRA_E,O4661XR5230B,KTOE,FI,2017,63.086,
ESTAT:TEN00126(1.0),19/01/22 11:00:00,A,FC_TRA_E,O4661XR5230B,KTOE,FI,2018,69.292,
ESTAT:TEN00126(1.0),19/01/22 11:00:00,A,FC_TRA_E,O4661XR5230B,KTOE,FI,2019,66.189,
ESTAT:TEN00126(1.0),19/01/22 11:00:00,A,FC_TRA_E,O4661XR5230B,KTOE,FI,2020,27.923,
ESTAT:TEN00126(1.0),19/01/22 11:00:00,A,FC_TRA_E,O4661XR5230B,KTOE,FR,2009,808.241,
ESTAT:TEN00126(1.0),19/01/22 11:00:00,A,FC_TRA_E,O4661XR5230B,KTOE,FR,2010,785.647,
ESTAT:TEN00126(1.0),19/01/22 11:00:00,A,FC_TRA_E,O4661XR5230B,KTOE,FR,2011,1473.048,
ESTAT:TEN00126(1.0),19/01/22 11:00:00,A,FC_TRA_E,O4661XR5230B,KTOE,FR,2012,1481.958,
ESTAT:TEN00126(1.0),19/01/22 11:00:00,A,FC_TRA_E,O4661XR5230B,KTOE,FR,2013,1462.261,
ESTAT:TEN00126(1.0),19/01/22 11:00:00,A,FC_TRA_E,O4661XR5230B,KTOE,FR,2014,1403.861,
ESTAT:TEN00126(1.0),19/01/22 11:00:00,A,FC_TRA_E,O4661XR5230B,KTOE,FR,2015,1400.935,
ESTAT:TEN00126(1.0),19/01/22 11:00:00,A,FC_TRA_E,O4661XR5230B,KTOE,FR,2016,1447.451,
ESTAT:TEN00126(1.0),19/01/22 11:00:00,A,FC_TRA_E,O4661XR5230B,KTOE,FR,2017,1496.896,
ESTAT:TEN00126(1.0),19/01/22 11:00:00,A,FC_TRA_E,O4661XR5230B,KTOE,FR,2018,1575.709,
ESTAT:TEN00126(1.0),19/01/22 11:00:00,A,FC_TRA_E,O4661XR5230B,KTOE,FR,2019,1601.872,
ESTAT:TEN00126(1.0),19/01/22 11:00:00,A,FC_TRA_E,O4661XR5230B,KTOE,FR,2020,1018.522,
ESTAT:TEN00126(1.0),19/01/22 11:00:00,A,FC_TRA_E,O4661XR5230B,KTOE,GE,2013,1.053,
ESTAT:TEN00126(1.0),19/01/22 11:00:00,A,FC_TRA_E,O4661XR5230B,KTOE,GE,2014,1.032,
ESTAT:TEN00126(1.0),19/01/22 11:00:00,A,FC_TRA_E,O4661XR5230B,KTOE,GE,2015,1.027,
ESTAT:TEN00126(1.0),19/01/22 11:00:00,A,FC_TRA_E,O4661XR5230B,KTOE,GE,2016,1.027,
ESTAT:TEN00126(1.0),19/01/22 11:00:00,A,FC_TRA_E,O4661XR5230B,KTOE,GE,2017,1.027,
ESTAT:TEN00126(1.0),19/01/22 11:00:00,A,FC_TRA_E,O4661XR5230B,KTOE,GE,2018,0.308,
ESTAT:TEN00126(1.0),19/01/22 11:00:00,A,FC_TRA_E,O4661XR5230B,KTOE,GE,2019,0.616,
ESTAT:TEN00126(1.0),19/01/22 11:00:00,A,FC_TRA_E,O4661XR5230B,KTOE,GE,2020,0.108,
ESTAT:TEN00126(1.0),19/01/22 11:00:00,A,FC_TRA_E,O4661XR5230B,KTOE,HR,2009,11.550,
ESTAT:TEN00126(1.0),19/01/22 11:00:00,A,FC_TRA_E,O4661XR5230B,KTOE,HR,2010,9.450,
ESTAT:TEN00126(1.0),19/01/22 11:00:00,A,FC_TRA_E,O4661XR5230B,KTOE,HR,2011,10.500,
ESTAT:TEN00126(1.0),19/01/22 11:00:00,A,FC_TRA_E,O4661XR5230B,KTOE,HR,2012,9.450,
ESTAT:TEN00126(1.0),19/01/22 11:00:00,A,FC_TRA_E,O4661XR5230B,KTOE,HR,2013,9.450,
ESTAT:TEN00126(1.0),19/01/22 11:00:00,A,FC_TRA_E,O4661XR5230B,KTOE,HR,2014,9.450,
ESTAT:TEN00126(1.0),19/01/22 11:00:00,A,FC_TRA_E,O4661XR5230B,KTOE,HR,2015,10.500,
ESTAT:TEN00126(1.0),19/01/22 11:00:00,A,FC_TRA_E,O4661XR5230B,KTOE,HR,2016,10.500,
ESTAT:TEN00126(1.0),19/01/22 11:00:00,A,FC_TRA_E,O4661XR5230B,KTOE,HR,2017,10.080,
ESTAT:TEN00126(1.0),19/01/22 11:00:00,A,FC_TRA_E,O4661XR5230B,KTOE,HR,2018,10.185,
ESTAT:TEN00126(1.0),19/01/22 11:00:00,A,FC_TRA_E,O4661XR5230B,KTOE,HR,2019,10.290,
ESTAT:TEN00126(1.0),19/01/22 11:00:00,A,FC_TRA_E,O4661XR5230B,KTOE,HR,2020,5.145,
ESTAT:TEN00126(1.0),19/01/22 11:00:00,A,FC_TRA_E,O4661XR5230B,KTOE,HU,2009,0.000,
ESTAT:TEN00126(1.0),19/01/22 11:00:00,A,FC_TRA_E,O4661XR5230B,KTOE,HU,2010,0.000,
ESTAT:TEN00126(1.0),19/01/22 11:00:00,A,FC_TRA_E,O4661XR5230B,KTOE,HU,2011,0.000,
ESTAT:TEN00126(1.0),19/01/22 11:00:00,A,FC_TRA_E,O4661XR5230B,KTOE,HU,2012,0.000,
ESTAT:TEN00126(1.0),19/01/22 11:00:00,A,FC_TRA_E,O4661XR5230B,KTOE,HU,2013,0.000,
ESTAT:TEN00126(1.0),19/01/22 11:00:00,A,FC_TRA_E,O4661XR5230B,KTOE,HU,2014,0.000,
ESTAT:TEN00126(1.0),19/01/22 11:00:00,A,FC_TRA_E,O4661XR5230B,KTOE,HU,2015,0.000,
ESTAT:TEN00126(1.0),19/01/22 11:00:00,A,FC_TRA_E,O4661XR5230B,KTOE,HU,2016,0.000,
ESTAT:TEN00126(1.0),19/01/22 11:00:00,A,FC_TRA_E,O4661XR5230B,KTOE,HU,2017,0.000,
ESTAT:TEN00126(1.0),19/01/22 11:00:00,A,FC_TRA_E,O4661XR5230B,KTOE,HU,2018,0.000,
ESTAT:TEN00126(1.0),19/01/22 11:00:00,A,FC_TRA_E,O4661XR5230B,KTOE,HU,2019,0.000,
ESTAT:TEN00126(1.0),19/01/22 11:00:00,A,FC_TRA_E,O4661XR5230B,KTOE,HU,2020,0.000,
ESTAT:TEN00126(1.0),19/01/22 11:00:00,A,FC_TRA_E,O4661XR5230B,KTOE,IE,2009,30.546,
ESTAT:TEN00126(1.0),19/01/22 11:00:00,A,FC_TRA_E,O4661XR5230B,KTOE,IE,2010,26.333,
ESTAT:TEN00126(1.0),19/01/22 11:00:00,A,FC_TRA_E,O4661XR5230B,KTOE,IE,2011,6.320,
ESTAT:TEN00126(1.0),19/01/22 11:00:00,A,FC_TRA_E,O4661XR5230B,KTOE,IE,2012,6.320,
ESTAT:TEN00126(1.0),19/01/22 11:00:00,A,FC_TRA_E,O4661XR5230B,KTOE,IE,2013,6.320,
ESTAT:TEN00126(1.0),19/01/22 11:00:00,A,FC_TRA_E,O4661XR5230B,KTOE,IE,2014,6.320,
ESTAT:TEN00126(1.0),19/01/22 11:00:00,A,FC_TRA_E,O4661XR5230B,KTOE,IE,2015,6.320,
ESTAT:TEN00126(1.0),19/01/22 11:00:00,A,FC_TRA_E,O4661XR5230B,KTOE,IE,2016,3.160,
ESTAT:TEN00126(1.0),19/01/22 11:00:00,A,FC_TRA_E,O4661XR5230B,KTOE,IE,2017,5.042,
ESTAT:TEN00126(1.0),19/01/22 11:00:00,A,FC_TRA_E,O4661XR5230B,KTOE,IE,2018,4.913,
ESTAT:TEN00126(1.0),19/01/22 11:00:00,A,FC_TRA_E,O4661XR5230B,KTOE,IE,2019,5.244,
ESTAT:TEN00126(1.0),19/01/22 11:00:00,A,FC_TRA_E,O4661XR5230B,KTOE,IE,2020,1.871,
ESTAT:TEN00126(1.0),19/01/22 11:00:00,A,FC_TRA_E,O4661XR5230B,KTOE,IS,2009,7.373,
ESTAT:TEN00126(1.0),19/01/22 11:00:00,A,FC_TRA_E,O4661XR5230B,KTOE,IS,2010,7.356,
ESTAT:TEN00126(1.0),19/01/22 11:00:00,A,FC_TRA_E,O4661XR5230B,KTOE,IS,2011,9.458,
ESTAT:TEN00126(1.0),19/01/22 11:00:00,A,FC_TRA_E,O4661XR5230B,KTOE,IS,2012,6.306,
ESTAT:TEN00126(1.0),19/01/22 11:00:00,A,FC_TRA_E,O4661XR5230B,KTOE,IS,2013,6.306,
ESTAT:TEN00126(1.0),19/01/22 11:00:00,A,FC_TRA_E,O4661XR5230B,KTOE,IS,2014,12.611,
ESTAT:TEN00126(1.0),19/01/22 11:00:00,A,FC_TRA_E,O4661XR5230B,KTOE,IS,2015,6.306,
ESTAT:TEN00126(1.0),19/01/22 11:00:00,A,FC_TRA_E,O4661XR5230B,KTOE,IS,2016,7.154,
ESTAT:TEN00126(1.0),19/01/22 11:00:00,A,FC_TRA_E,O4661XR5230B,KTOE,IS,2017,7.321,
ESTAT:TEN00126(1.0),19/01/22 11:00:00,A,FC_TRA_E,O4661XR5230B,KTOE,IS,2018,7.861,
ESTAT:TEN00126(1.0),19/01/22 11:00:00,A,FC_TRA_E,O4661XR5230B,KTOE,IS,2019,8.901,
ESTAT:TEN00126(1.0),19/01/22 11:00:00,A,FC_TRA_E,O4661XR5230B,KTOE,IS,2020,4.180,
ESTAT:TEN00126(1.0),19/01/22 11:00:00,A,FC_TRA_E,O4661XR5230B,KTOE,IT,2009,671.682,
ESTAT:TEN00126(1.0),19/01/22 11:00:00,A,FC_TRA_E,O4661XR5230B,KTOE,IT,2010,695.304,
ESTAT:TEN00126(1.0),19/01/22 11:00:00,A,FC_TRA_E,O4661XR5230B,KTOE,IT,2011,712.764,
ESTAT:TEN00126(1.0),19/01/22 11:00:00,A,FC_TRA_E,O4661XR5230B,KTOE,IT,2012,680.926,
ESTAT:TEN00126(1.0),19/01/22 11:00:00,A,FC_TRA_E,O4661XR5230B,KTOE,IT,2013,680.926,
ESTAT:TEN00126(1.0),19/01/22 11:00:00,A,FC_TRA_E,O4661XR5230B,KTOE,IT,2014,643.952,
ESTAT:TEN00126(1.0),19/01/22 11:00:00,A,FC_TRA_E,O4661XR5230B,KTOE,IT,2015,695.304,
ESTAT:TEN00126(1.0),19/01/22 11:00:00,A,FC_TRA_E,O4661XR5230B,KTOE,IT,2016,708.656,
ESTAT:TEN00126(1.0),19/01/22 11:00:00,A,FC_TRA_E,O4661XR5230B,KTOE,IT,2017,779.358,
ESTAT:TEN00126(1.0),19/01/22 11:00:00,A,FC_TRA_E,O4661XR5230B,KTOE,IT,2018,874.108,
ESTAT:TEN00126(1.0),19/01/22 11:00:00,A,FC_TRA_E,O4661XR5230B,KTOE,IT,2019,904.573,
ESTAT:TEN00126(1.0),19/01/22 11:00:00,A,FC_TRA_E,O4661XR5230B,KTOE,IT,2020,341.594,
ESTAT:TEN00126(1.0),19/01/22 11:00:00,A,FC_TRA_E,O4661XR5230B,KTOE,LT,2009,0.000,
ESTAT:TEN00126(1.0),19/01/22 11:00:00,A,FC_TRA_E,O4661XR5230B,KTOE,LT,2010,0.000,
ESTAT:TEN00126(1.0),19/01/22 11:00:00,A,FC_TRA_E,O4661XR5230B,KTOE,LT,2011,0.000,
ESTAT:TEN00126(1.0),19/01/22 11:00:00,A,FC_TRA_E,O4661XR5230B,KTOE,LT,2012,0.000,
ESTAT:TEN00126(1.0),19/01/22 11:00:00,A,FC_TRA_E,O4661XR5230B,KTOE,LT,2013,0.000,
ESTAT:TEN00126(1.0),19/01/22 11:00:00,A,FC_TRA_E,O4661XR5230B,KTOE,LT,2014,0.000,
ESTAT:TEN00126(1.0),19/01/22 11:00:00,A,FC_TRA_E,O4661XR5230B,KTOE,LT,2015,0.000,
ESTAT:TEN00126(1.0),19/01/22 11:00:00,A,FC_TRA_E,O4661XR5230B,KTOE,LT,2016,0.000,
ESTAT:TEN00126(1.0),19/01/22 11:00:00,A,FC_TRA_E,O4661XR5230B,KTOE,LT,2017,0.103,
ESTAT:TEN00126(1.0),19/01/22 11:00:00,A,FC_TRA_E,O4661XR5230B,KTOE,LT,2018,0.103,
ESTAT:TEN00126(1.0),19/01/22 11:00:00,A,FC_TRA_E,O4661XR5230B,KTOE,LT,2019,0.207,
ESTAT:TEN00126(1.0),19/01/22 11:00:00,A,FC_TRA_E,O4661XR5230B,KTOE,LT,2020,0.207,
ESTAT:TEN00126(1.0),19/01/22 11:00:00,A,FC_TRA_E,O4661XR5230B,KTOE,LU,2009,0.000,
ESTAT:TEN00126(1.0),19/01/22 11:00:00,A,FC_TRA_E,O4661XR5230B,KTOE,LU,2010,0.000,
ESTAT:TEN00126(1.0),19/01/22 11:00:00,A,FC_TRA_E,O4661XR5230B,KTOE,LU,2011,0.000,
ESTAT:TEN00126(1.0),19/01/22 11:00:00,A,FC_TRA_E,O4661XR5230B,KTOE,LU,2012,0.000,
ESTAT:TEN00126(1.0),19/01/22 11:00:00,A,FC_TRA_E,O4661XR5230B,KTOE,LU,2013,0.000,
ESTAT:TEN00126(1.0),19/01/22 11:00:00,A,FC_TRA_E,O4661XR5230B,KTOE,LU,2014,0.000,
ESTAT:TEN00126(1.0),19/01/22 11:00:00,A,FC_TRA_E,O4661XR5230B,KTOE,LU,2015,0.000,
ESTAT:TEN00126(1.0),19/01/22 11:00:00,A,FC_TRA_E,O4661XR5230B,KTOE,LU,2016,0.000,
ESTAT:TEN00126(1.0),19/01/22 11:00:00,A,FC_TRA_E,O4661XR5230B,KTOE,LU,2017,0.000,
ESTAT:TEN00126(1.0),19/01/22 11:00:00,A,FC_TRA_E,O4661XR5230B,KTOE,LU,2018,0.000,
ESTAT:TEN00126(1.0),19/01/22 11:00:00,A,FC_TRA_E,O4661XR5230B,KTOE,LU,2019,0.000,
ESTAT:TEN00126(1.0),19/01/22 11:00:00,A,FC_TRA_E,O4661XR5230B,KTOE,LU,2020,0.000,
ESTAT:TEN00126(1.0),19/01/22 11:00:00,A,FC_TRA_E,O4661XR5230B,KTOE,LV,2009,0.000,
ESTAT:TEN00126(1.0),19/01/22 11:00:00,A,FC_TRA_E,O4661XR5230B,KTOE,LV,2010,0.000,
ESTAT:TEN00126(1.0),19/01/22 11:00:00,A,FC_TRA_E,O4661XR5230B,KTOE,LV,2011,0.000,
ESTAT:TEN00126(1.0),19/01/22 11:00:00,A,FC_TRA_E,O4661XR5230B,KTOE,LV,2012,1.032,
ESTAT:TEN00126(1.0),19/01/22 11:00:00,A,FC_TRA_E,O4661XR5230B,KTOE,LV,2013,1.032,
ESTAT:TEN00126(1.0),19/01/22 11:00:00,A,FC_TRA_E,O4661XR5230B,KTOE,LV,2014,1.032,
ESTAT:TEN00126(1.0),19/01/22 11:00:00,A,FC_TRA_E,O4661XR5230B,KTOE,LV,2015,0.000,
ESTAT:TEN00126(1.0),19/01/22 11:00:00,A,FC_TRA_E,O4661XR5230B,KTOE,LV,2016,0.000,
ESTAT:TEN00126(1.0),19/01/22 11:00:00,A,FC_TRA_E,O4661XR5230B,KTOE,LV,2017,1.328,
ESTAT:TEN00126(1.0),19/01/22 11:00:00,A,FC_TRA_E,O4661XR5230B,KTOE,LV,2018,0.239,
ESTAT:TEN00126(1.0),19/01/22 11:00:00,A,FC_TRA_E,O4661XR5230B,KTOE,LV,2019,0.129,
ESTAT:TEN00126(1.0),19/01/22 11:00:00,A,FC_TRA_E,O4661XR5230B,KTOE,LV,2020,0.252,
ESTAT:TEN00126(1.0),19/01/22 11:00:00,A,FC_TRA_E,O4661XR5230B,KTOE,MD,2010,0.000,
ESTAT:TEN00126(1.0),19/01/22 11:00:00,A,FC_TRA_E,O4661XR5230B,KTOE,MD,2011,0.000,
ESTAT:TEN00126(1.0),19/01/22 11:00:00,A,FC_TRA_E,O4661XR5230B,KTOE,MD,2012,0.000,
ESTAT:TEN00126(1.0),19/01/22 11:00:00,A,FC_TRA_E,O4661XR5230B,KTOE,MD,2013,0.000,
ESTAT:TEN00126(1.0),19/01/22 11:00:00,A,FC_TRA_E,O4661XR5230B,KTOE,MD,2014,0.000,
ESTAT:TEN00126(1.0),19/01/22 11:00:00,A,FC_TRA_E,O4661XR5230B,KTOE,MD,2015,0.000,
ESTAT:TEN00126(1.0),19/01/22 11:00:00,A,FC_TRA_E,O4661XR5230B,KTOE,MD,2016,0.000,
ESTAT:TEN00126(1.0),19/01/22 11:00:00,A,FC_TRA_E,O4661XR5230B,KTOE,MD,2017,0.000,
ESTAT:TEN00126(1.0),19/01/22 11:00:00,A,FC_TRA_E,O4661XR5230B,KTOE,MD,2018,0.000,
ESTAT:TEN00126(1.0),19/01/22 11:00:00,A,FC_TRA_E,O4661XR5230B,KTOE,MD,2019,0.000,
ESTAT:TEN00126(1.0),19/01/22 11:00:00,A,FC_TRA_E,O4661XR5230B,KTOE,MD,2020,0.000,
ESTAT:TEN00126(1.0),19/01/22 11:00:00,A,FC_TRA_E,O4661XR5230B,KTOE,ME,2009,0.000,
ESTAT:TEN00126(1.0),19/01/22 11:00:00,A,FC_TRA_E,O4661XR5230B,KTOE,ME,2010,0.000,
ESTAT:TEN00126(1.0),19/01/22 11:00:00,A,FC_TRA_E,O4661XR5230B,KTOE,ME,2011,0.000,
ESTAT:TEN00126(1.0),19/01/22 11:00:00,A,FC_TRA_E,O4661XR5230B,KTOE,ME,2012,0.000,
ESTAT:TEN00126(1.0),19/01/22 11:00:00,A,FC_TRA_E,O4661XR5230B,KTOE,ME,2013,0.000,
ESTAT:TEN00126(1.0),19/01/22 11:00:00,A,FC_TRA_E,O4661XR5230B,KTOE,ME,2014,0.000,
ESTAT:TEN00126(1.0),19/01/22 11:00:00,A,FC_TRA_E,O4661XR5230B,KTOE,ME,2015,0.000,
ESTAT:TEN00126(1.0),19/01/22 11:00:00,A,FC_TRA_E,O4661XR5230B,KTOE,ME,2016,0.000,
ESTAT:TEN00126(1.0),19/01/22 11:00:00,A,FC_TRA_E,O4661XR5230B,KTOE,ME,2017,0.000,
ESTAT:TEN00126(1.0),19/01/22 11:00:00,A,FC_TRA_E,O4661XR5230B,KTOE,ME,2018,0.000,
ESTAT:TEN00126(1.0),19/01/22 11:00:00,A,FC_TRA_E,O4661XR5230B,KTOE,ME,2019,0.000,
ESTAT:TEN00126(1.0),19/01/22 11:00:00,A,FC_TRA_E,O4661XR5230B,KTOE,ME,2020,0.000,
ESTAT:TEN00126(1.0),19/01/22 11:00:00,A,FC_TRA_E,O4661XR5230B,KTOE,MK,2009,0.000,
ESTAT:TEN00126(1.0),19/01/22 11:00:00,A,FC_TRA_E,O4661XR5230B,KTOE,MK,2010,0.000,
ESTAT:TEN00126(1.0),19/01/22 11:00:00,A,FC_TRA_E,O4661XR5230B,KTOE,MK,2011,0.000,
ESTAT:TEN00126(1.0),19/01/22 11:00:00,A,FC_TRA_E,O4661XR5230B,KTOE,MK,2012,0.000,
ESTAT:TEN00126(1.0),19/01/22 11:00:00,A,FC_TRA_E,O4661XR5230B,KTOE,MK,2013,0.000,
ESTAT:TEN00126(1.0),19/01/22 11:00:00,A,FC_TRA_E,O4661XR5230B,KTOE,MK,2014,0.000,
ESTAT:TEN00126(1.0),19/01/22 11:00:00,A,FC_TRA_E,O4661XR5230B,KTOE,MK,2015,0.000,
ESTAT:TEN00126(1.0),19/01/22 11:00:00,A,FC_TRA_E,O4661XR5230B,KTOE,MK,2016,0.000,
ESTAT:TEN00126(1.0),19/01/22 11:00:00,A,FC_TRA_E,O4661XR5230B,KTOE,MK,2017,0.000,
ESTAT:TEN00126(1.0),19/01/22 11:00:00,A,FC_TRA_E,O4661XR5230B,KTOE,MK,2018,0.000,
ESTAT:TEN00126(1.0),19/01/22 11:00:00,A,FC_TRA_E,O4661XR5230B,KTOE,MK,2019,0.000,
ESTAT:TEN00126(1.0),19/01/22 11:00:00,A,FC_TRA_E,O4661XR5230B,KTOE,MK,2020,0.000,
ESTAT:TEN00126(1.0),19/01/22 11:00:00,A,FC_TRA_E,O4661XR5230B,KTOE,MT,2009,1.027,
ESTAT:TEN00126(1.0),19/01/22 11:00:00,A,FC_TRA_E,O4661XR5230B,KTOE,MT,2010,0.000,
ESTAT:TEN00126(1.0),19/01/22 11:00:00,A,FC_TRA_E,O4661XR5230B,KTOE,MT,2011,1.027,
ESTAT:TEN00126(1.0),19/01/22 11:00:00,A,FC_TRA_E,O4661XR5230B,KTOE,MT,2012,1.027,
ESTAT:TEN00126(1.0),19/01/22 11:00:00,A,FC_TRA_E,O4661XR5230B,KTOE,MT,2013,1.027,
ESTAT:TEN00126(1.0),19/01/22 11:00:00,A,FC_TRA_E,O4661XR5230B,KTOE,MT,2014,0.000,
ESTAT:TEN00126(1.0),19/01/22 11:00:00,A,FC_TRA_E,O4661XR5230B,KTOE,MT,2015,1.027,
ESTAT:TEN00126(1.0),19/01/22 11:00:00,A,FC_TRA_E,O4661XR5230B,KTOE,MT,2016,1.027,
ESTAT:TEN00126(1.0),19/01/22 11:00:00,A,FC_TRA_E,O4661XR5230B,KTOE,MT,2017,0.519,
ESTAT:TEN00126(1.0),19/01/22 11:00:00,A,FC_TRA_E,O4661XR5230B,KTOE,MT,2018,0.657,
ESTAT:TEN00126(1.0),19/01/22 11:00:00,A,FC_TRA_E,O4661XR5230B,KTOE,MT,2019,0.590,
ESTAT:TEN00126(1.0),19/01/22 11:00:00,A,FC_TRA_E,O4661XR5230B,KTOE,MT,2020,0.653,
ESTAT:TEN00126(1.0),19/01/22 11:00:00,A,FC_TRA_E,O4661XR5230B,KTOE,NL,2009,10.390,
ESTAT:TEN00126(1.0),19/01/22 11:00:00,A,FC_TRA_E,O4661XR5230B,KTOE,NL,2010,11.429,
ESTAT:TEN00126(1.0),19/01/22 11:00:00,A,FC_TRA_E,O4661XR5230B,KTOE,NL,2011,12.468,
ESTAT:TEN00126(1.0),19/01/22 11:00:00,A,FC_TRA_E,O4661XR5230B,KTOE,NL,2012,12.468,
ESTAT:TEN00126(1.0),19/01/22 11:00:00,A,FC_TRA_E,O4661XR5230B,KTOE,NL,2013,11.429,
ESTAT:TEN00126(1.0),19/01/22 11:00:00,A,FC_TRA_E,O4661XR5230B,KTOE,NL,2014,9.351,
ESTAT:TEN00126(1.0),19/01/22 11:00:00,A,FC_TRA_E,O4661XR5230B,KTOE,NL,2015,9.351,
ESTAT:TEN00126(1.0),19/01/22 11:00:00,A,FC_TRA_E,O4661XR5230B,KTOE,NL,2016,9.351,
ESTAT:TEN00126(1.0),19/01/22 11:00:00,A,FC_TRA_E,O4661XR5230B,KTOE,NL,2017,9.754,
ESTAT:TEN00126(1.0),19/01/22 11:00:00,A,FC_TRA_E,O4661XR5230B,KTOE,NL,2018,9.897,
ESTAT:TEN00126(1.0),19/01/22 11:00:00,A,FC_TRA_E,O4661XR5230B,KTOE,NL,2019,9.906,
ESTAT:TEN00126(1.0),19/01/22 11:00:00,A,FC_TRA_E,O4661XR5230B,KTOE,NL,2020,7.123,
ESTAT:TEN00126(1.0),19/01/22 11:00:00,A,FC_TRA_E,O4661XR5230B,KTOE,NO,2009,347.946,
ESTAT:TEN00126(1.0),19/01/22 11:00:00,A,FC_TRA_E,O4661XR5230B,KTOE,NO,2010,348.848,
ESTAT:TEN00126(1.0),19/01/22 11:00:00,A,FC_TRA_E,O4661XR5230B,KTOE,NO,2011,365.492,
ESTAT:TEN00126(1.0),19/01/22 11:00:00,A,FC_TRA_E,O4661XR5230B,KTOE,NO,2012,375.693,
ESTAT:TEN00126(1.0),19/01/22 11:00:00,A,FC_TRA_E,O4661XR5230B,KTOE,NO,2013,357.730,
ESTAT:TEN00126(1.0),19/01/22 11:00:00,A,FC_TRA_E,O4661XR5230B,KTOE,NO,2014,390.951,
ESTAT:TEN00126(1.0),19/01/22 11:00:00,A,FC_TRA_E,O4661XR5230B,KTOE,NO,2015,374.033,
ESTAT:TEN00126(1.0),19/01/22 11:00:00,A,FC_TRA_E,O4661XR5230B,KTOE,NO,2016,353.725,
ESTAT:TEN00126(1.0),19/01/22 11:00:00,A,FC_TRA_E,O4661XR5230B,KTOE,NO,2017,361.189,
ESTAT:TEN00126(1.0),19/01/22 11:00:00,A,FC_TRA_E,O4661XR5230B,KTOE,NO,2018,270.872,
ESTAT:TEN00126(1.0),19/01/22 11:00:00,A,FC_TRA_E,O4661XR5230B,KTOE,NO,2019,350.241,
ESTAT:TEN00126(1.0),19/01/22 11:00:00,A,FC_TRA_E,O4661XR5230B,KTOE,NO,2020,231.073,
ESTAT:TEN00126(1.0),19/01/22 11:00:00,A,FC_TRA_E,O4661XR5230B,KTOE,PL,2009,0.000,
ESTAT:TEN00126(1.0),19/01/22 11:00:00,A,FC_TRA_E,O4661XR5230B,KTOE,PL,2010,0.000,
ESTAT:TEN00126(1.0),19/01/22 11:00:00,A,FC_TRA_E,O4661XR5230B,KTOE,PL,2011,0.000,
ESTAT:TEN00126(1.0),19/01/22 11:00:00,A,FC_TRA_E,O4661XR5230B,KTOE,PL,2012,13.351,
ESTAT:TEN00126(1.0),19/01/22 11:00:00,A,FC_TRA_E,O4661XR5230B,KTOE,PL,2013,12.324,
ESTAT:TEN00126(1.0),19/01/22 11:00:00,A,FC_TRA_E,O4661XR5230B,KTOE,PL,2014,21.568,
ESTAT:TEN00126(1.0),19/01/22 11:00:00,A,FC_TRA_E,O4661XR5230B,KTOE,PL,2015,14.379,
ESTAT:TEN00126(1.0),19/01/22 11:00:00,A,FC_TRA_E,O4661XR5230B,KTOE,PL,2016,20.541,
ESTAT:TEN00126(1.0),19/01/22 11:00:00,A,FC_TRA_E,O4661XR5230B,KTOE,PL,2017,24.023,
ESTAT:TEN00126(1.0),19/01/22 11:00:00,A,FC_TRA_E,O4661XR5230B,KTOE,PL,2018,28.642,
ESTAT:TEN00126(1.0),19/01/22 11:00:00,A,FC_TRA_E,O4661XR5230B,KTOE,PL,2019,29.624,
ESTAT:TEN00126(1.0),19/01/22 11:00:00,A,FC_TRA_E,O4661XR5230B,KTOE,PL,2020,14.452,
ESTAT:TEN00126(1.0),19/01/22 11:00:00,A,FC_TRA_E,O4661XR5230B,KTOE,PT,2009,112.974,
ESTAT:TEN00126(1.0),19/01/22 11:00:00,A,FC_TRA_E,O4661XR5230B,KTOE,PT,2010,133.515,
ESTAT:TEN00126(1.0),19/01/22 11:00:00,A,FC_TRA_E,O4661XR5230B,KTOE,PT,2011,119.136,
ESTAT:TEN00126(1.0),19/01/22 11:00:00,A,FC_TRA_E,O4661XR5230B,KTOE,PT,2012,120.163,
ESTAT:TEN00126(1.0),19/01/22 11:00:00,A,FC_TRA_E,O4661XR5230B,KTOE,PT,2013,121.190,
ESTAT:TEN00126(1.0),19/01/22 11:00:00,A,FC_TRA_E,O4661XR5230B,KTOE,PT,2014,118.109,
ESTAT:TEN00126(1.0),19/01/22 11:00:00,A,FC_TRA_E,O4661XR5230B,KTOE,PT,2015,124.272,
ESTAT:TEN00126(1.0),19/01/22 11:00:00,A,FC_TRA_E,O4661XR5230B,KTOE,PT,2016,138.650,
ESTAT:TEN00126(1.0),19/01/22 11:00:00,A,FC_TRA_E,O4661XR5230B,KTOE,PT,2017,167.211,
ESTAT:TEN00126(1.0),19/01/22 11:00:00,A,FC_TRA_E,O4661XR5230B,KTOE,PT,2018,178.099,
ESTAT:TEN00126(1.0),19/01/22 11:00:00,A,FC_TRA_E,O4661XR5230B,KTOE,PT,2019,165.265,
ESTAT:TEN00126(1.0),19/01/22 11:00:00,A,FC_TRA_E,O4661XR5230B,KTOE,PT,2020,85.862,
ESTAT:TEN00126(1.0),19/01/22 11:00:00,A,FC_TRA_E,O4661XR5230B,KTOE,RO,2009,80.257,
ESTAT:TEN00126(1.0),19/01/22 11:00:00,A,FC_TRA_E,O4661XR5230B,KTOE,RO,2010,106.064,
ESTAT:TEN00126(1.0),19/01/22 11:00:00,A,FC_TRA_E,O4661XR5230B,KTOE,RO,2011,76.103,
ESTAT:TEN00126(1.0),19/01/22 11:00:00,A,FC_TRA_E,O4661XR5230B,KTOE,RO,2012,39.365,
ESTAT:TEN00126(1.0),19/01/22 11:00:00,A,FC_TRA_E,O4661XR5230B,KTOE,RO,2013,44.575,
ESTAT:TEN00126(1.0),19/01/22 11:00:00,A,FC_TRA_E,O4661XR5230B,KTOE,RO,2014,23.225,
ESTAT:TEN00126(1.0),19/01/22 11:00:00,A,FC_TRA_E,O4661XR5230B,KTOE,RO,2015,31.670,
ESTAT:TEN00126(1.0),19/01/22 11:00:00,A,FC_TRA_E,O4661XR5230B,KTOE,RO,2016,26.947,
ESTAT:TEN00126(1.0),19/01/22 11:00:00,A,FC_TRA_E,O4661XR5230B,KTOE,RO,2017,48.396,
ESTAT:TEN00126(1.0),19/01/22 11:00:00,A,FC_TRA_E,O4661XR5230B,KTOE,RO,2018,54.420,
ESTAT:TEN00126(1.0),19/01/22 11:00:00,A,FC_TRA_E,O4661XR5230B,KTOE,RO,2019,62.919,
ESTAT:TEN00126(1.0),19/01/22 11:00:00,A,FC_TRA_E,O4661XR5230B,KTOE,RO,2020,37.552,
ESTAT:TEN00126(1.0),19/01/22 11:00:00,A,FC_TRA_E,O4661XR5230B,KTOE,RS,2009,0.000,
ESTAT:TEN00126(1.0),19/01/22 11:00:00,A,FC_TRA_E,O4661XR5230B,KTOE,RS,2010,0.000,
ESTAT:TEN00126(1.0),19/01/22 11:00:00,A,FC_TRA_E,O4661XR5230B,KTOE,RS,2011,0.000,
ESTAT:TEN00126(1.0),19/01/22 11:00:00,A,FC_TRA_E,O4661XR5230B,KTOE,RS,2012,0.000,
ESTAT:TEN00126(1.0),19/01/22 11:00:00,A,FC_TRA_E,O4661XR5230B,KTOE,RS,2013,0.000,
ESTAT:TEN00126(1.0),19/01/22 11:00:00,A,FC_TRA_E,O4661XR5230B,KTOE,RS,2014,0.000,
ESTAT:TEN00126(1.0),19/01/22 11:00:00,A,FC_TRA_E,O4661XR5230B,KTOE,RS,2015,0.000,
ESTAT:TEN00126(1.0),19/01/22 11:00:00,A,FC_TRA_E,O4661XR5230B,KTOE,RS,2016,0.000,
ESTAT:TEN00126(1.0),19/01/22 11:00:00,A,FC_TRA_E,O4661XR5230B,KTOE,RS,2017,0.000,
ESTAT:TEN00126(1.0),19/01/22 11:00:00,A,FC_TRA_E,O4661XR5230B,KTOE,RS,2018,0.000,
ESTAT:TEN00126(1.0),19/01/22 11:00:00,A,FC_TRA_E,O4661XR5230B,KTOE,RS,2019,0.000,
ESTAT:TEN00126(1.0),19/01/22 11:00:00,A,FC_TRA_E,O4661XR5230B,KTOE,RS,2020,0.000,
ESTAT:TEN00126(1.0),19/01/22 11:00:00,A,FC_TRA_E,O4661XR5230B,KTOE,SE,2009,174.866,
ESTAT:TEN00126(1.0),19/01/22 11:00:00,A,FC_TRA_E,O4661XR5230B,KTOE,SE,2010,164.312,
ESTAT:TEN00126(1.0),19/01/22 11:00:00,A,FC_TRA_E,O4661XR5230B,KTOE,SE,2011,180.710,
ESTAT:TEN00126(1.0),19/01/22 11:00:00,A,FC_TRA_E,O4661XR5230B,KTOE,SE,2012,178.118,
ESTAT:TEN00126(1.0),19/01/22 11:00:00,A,FC_TRA_E,O4661XR5230B,KTOE,SE,2013,179.217,
ESTAT:TEN00126(1.0),19/01/22 11:00:00,A,FC_TRA_E,O4661XR5230B,KTOE,SE,2014,178.712,
ESTAT:TEN00126(1.0),19/01/22 11:00:00,A,FC_TRA_E,O4661XR5230B,KTOE,SE,2015,176.831,
ESTAT:TEN00126(1.0),19/01/22 11:00:00,A,FC_TRA_E,O4661XR5230B,KTOE,SE,2016,188.532,
ESTAT:TEN00126(1.0),19/01/22 11:00:00,A,FC_TRA_E,O4661XR5230B,KTOE,SE,2017,186.969,
ESTAT:TEN00126(1.0),19/01/22 11:00:00,A,FC_TRA_E,O4661XR5230B,KTOE,SE,2018,176.646,
ESTAT:TEN00126(1.0),19/01/22 11:00:00,A,FC_TRA_E,O4661XR5230B,KTOE,SE,2019,158.904,
ESTAT:TEN00126(1.0),19/01/22 11:00:00,A,FC_TRA_E,O4661XR5230B,KTOE,SE,2020,60.875,
ESTAT:TEN00126(1.0),19/01/22 11:00:00,A,FC_TRA_E,O4661XR5230B,KTOE,SI,2009,0.000,
ESTAT:TEN00126(1.0),19/01/22 11:00:00,A,FC_TRA_E,O4661XR5230B,KTOE,SI,2010,0.000,
ESTAT:TEN00126(1.0),19/01/22 11:00:00,A,FC_TRA_E,O4661XR5230B,KTOE,SI,2011,0.000,
ESTAT:TEN00126(1.0),19/01/22 11:00:00,A,FC_TRA_E,O4661XR5230B,KTOE,SI,2012,0.000,
ESTAT:TEN00126(1.0),19/01/22 11:00:00,A,FC_TRA_E,O4661XR5230B,KTOE,SI,2013,0.000,
ESTAT:TEN00126(1.0),19/01/22 11:00:00,A,FC_TRA_E,O4661XR5230B,KTOE,SI,2014,0.000,
ESTAT:TEN00126(1.0),19/01/22 11:00:00,A,FC_TRA_E,O4661XR5230B,KTOE,SI,2015,0.000,
ESTAT:TEN00126(1.0),19/01/22 11:00:00,A,FC_TRA_E,O4661XR5230B,KTOE,SI,2016,0.000,
ESTAT:TEN00126(1.0),19/01/22 11:00:00,A,FC_TRA_E,O4661XR5230B,KTOE,SI,2017,0.000,
ESTAT:TEN00126(1.0),19/01/22 11:00:00,A,FC_TRA_E,O4661XR5230B,KTOE,SI,2018,0.000,
ESTAT:TEN00126(1.0),19/01/22 11:00:00,A,FC_TRA_E,O4661XR5230B,KTOE,SI,2019,0.000,
ESTAT:TEN00126(1.0),19/01/22 11:00:00,A,FC_TRA_E,O4661XR5230B,KTOE,SI,2020,0.000,
ESTAT:TEN00126(1.0),19/01/22 11:00:00,A,FC_TRA_E,O4661XR5230B,KTOE,SK,2009,0.000,
ESTAT:TEN00126(1.0),19/01/22 11:00:00,A,FC_TRA_E,O4661XR5230B,KTOE,SK,2010,0.000,
ESTAT:TEN00126(1.0),19/01/22 11:00:00,A,FC_TRA_E,O4661XR5230B,KTOE,SK,2011,0.000,
ESTAT:TEN00126(1.0),19/01/22 11:00:00,A,FC_TRA_E,O4661XR5230B,KTOE,SK,2012,0.000,
ESTAT:TEN00126(1.0),19/01/22 11:00:00,A,FC_TRA_E,O4661XR5230B,KTOE,SK,2013,0.000,
ESTAT:TEN00126(1.0),19/01/22 11:00:00,A,FC_TRA_E,O4661XR5230B,KTOE,SK,2014,0.000,
ESTAT:TEN00126(1.0),19/01/22 11:00:00,A,FC_TRA_E,O4661XR5230B,KTOE,SK,2015,0.000,
ESTAT:TEN00126(1.0),19/01/22 11:00:00,A,FC_TRA_E,O4661XR5230B,KTOE,SK,2016,0.000,
ESTAT:TEN00126(1.0),19/01/22 11:00:00,A,FC_TRA_E,O4661XR5230B,KTOE,SK,2017,0.000,
ESTAT:TEN00126(1.0),19/01/22 11:00:00,A,FC_TRA_E,O4661XR5230B,KTOE,SK,2018,0.000,
ESTAT:TEN00126(1.0),19/01/22 11:00:00,A,FC_TRA_E,O4661XR5230B,KTOE,SK,2019,0.000,
ESTAT:TEN00126(1.0),19/01/22 11:00:00,A,FC_TRA_E,O4661XR5230B,KTOE,SK,2020,0.000,
ESTAT:TEN00126(1.0),19/01/22 11:00:00,A,FC_TRA_E,O4661XR5230B,KTOE,TR,2009,749.957,
ESTAT:TEN00126(1.0),19/01/22 11:00:00,A,FC_TRA_E,O4661XR5230B,KTOE,TR,2010,423.431,
ESTAT:TEN00126(1.0),19/01/22 11:00:00,A,FC_TRA_E,O4661XR5230B,KTOE,TR,2011,330.739,
ESTAT:TEN00126(1.0),19/01/22 11:00:00,A,FC_TRA_E,O4661XR5230B,KTOE,TR,2012,405.861,
ESTAT:TEN00126(1.0),19/01/22 11:00:00,A,FC_TRA_E,O4661XR5230B,KTOE,TR,2013,377.099,
ESTAT:TEN00126(1.0),19/01/22 11:00:00,A,FC_TRA_E,O4661XR5230B,KTOE,TR,2014,1031.118,
ESTAT:TEN00126(1.0),19/01/22 11:00:00,A,FC_TRA_E,O4661XR5230B,KTOE,TR,2015,1257.934,
ESTAT:TEN00126(1.0),19/01/22 11:00:00,A,FC_TRA_E,O4661XR5230B,KTOE,TR,2016,1430.634,
ESTAT:TEN00126(1.0),19/01/22 11:00:00,A,FC_TRA_E,O4661XR5230B,KTOE,TR,2017,1271.912,
ESTAT:TEN00126(1.0),19/01/22 11:00:00,A,FC_TRA_E,O4661XR5230B,KTOE,TR,2018,1318.368,
ESTAT:TEN00126(1.0),19/01/22 11:00:00,A,FC_TRA_E,O4661XR5230B,KTOE,TR,2019,1235.533,
ESTAT:TEN00126(1.0),19/01/22 11:00:00,A,FC_TRA_E,O4661XR5230B,KTOE,TR,2020,714.440,
ESTAT:TEN00126(1.0),19/01/22 11:00:00,A,FC_TRA_E,O4661XR5230B,KTOE,UA,2009,0.000,
ESTAT:TEN00126(1.0),19/01/22 11:00:00,A,FC_TRA_E,O4661XR5230B,KTOE,UA,2010,0.000,
ESTAT:TEN00126(1.0),19/01/22 11:00:00,A,FC_TRA_E,O4661XR5230B,KTOE,UA,2011,0.000,
ESTAT:TEN00126(1.0),19/01/22 11:00:00,A,FC_TRA_E,O4661XR5230B,KTOE,UA,2012,0.000,
ESTAT:TEN00126(1.0),19/01/22 11:00:00,A,FC_TRA_E,O4661XR5230B,KTOE,UA,2013,0.000,
ESTAT:TEN00126(1.0),19/01/22 11:00:00,A,FC_TRA_E,O4661XR5230B,KTOE,UA,2014,0.000,
ESTAT:TEN00126(1.0),19/01/22 11:00:00,A,FC_TRA_E,O4661XR5230B,KTOE,UA,2015,0.000,
ESTAT:TEN00126(1.0),19/01/22 11:00:00,A,FC_TRA_E,O4661XR5230B,KTOE,UA,2016,0.000,
ESTAT:TEN00126(1.0),19/01/22 11:00:00,A,FC_TRA_E,O4661XR5230B,KTOE,UA,2017,0.000,
ESTAT:TEN00126(1.0),19/01/22 11:00:00,A,FC_TRA_E,O4661XR5230B,KTOE,UA,2018,0.000,
ESTAT:TEN00126(1.0),19/01/22 11:00:00,A,FC_TRA_E,O4661XR5230B,KTOE,UA,2019,0.000,
ESTAT:TEN00126(1.0),19/01/22 11:00:00,A,FC_TRA_E,O4661XR5230B,KTOE,UA,2020,0.000,
ESTAT:TEN00126(1.0),19/01/22 11:00:00,A,FC_TRA_E,O4661XR5230B,KTOE,UK,2009,725.436,
ESTAT:TEN00126(1.0),19/01/22 11:00:00,A,FC_TRA_E,O4661XR5230B,KTOE,UK,2010,699.053,
ESTAT:TEN00126(1.0),19/01/22 11:00:00,A,FC_TRA_E,O4661XR5230B,KTOE,UK,2011,729.013,
ESTAT:TEN00126(1.0),19/01/22 11:00:00,A,FC_TRA_E,O4661XR5230B,KTOE,UK,2012,705.888,
ESTAT:TEN00126(1.0),19/01/22 11:00:00,A,FC_TRA_E,O4661XR5230B,KTOE,UK,2013,825.741,
ESTAT:TEN00126(1.0),19/01/22 11:00:00,A,FC_TRA_E,O4661XR5230B,KTOE,UK,2014,824.093,
ESTAT:TEN00126(1.0),19/01/22 11:00:00,A,FC_TRA_E,O4661XR5230B,KTOE,UK,2015,832.061,
ESTAT:TEN00126(1.0),19/01/22 11:00:00,A,FC_TRA_E,O4661XR5230B,KTOE,UK,2016,832.757,
ESTAT:TEN00126(1.0),19/01/22 11:00:00,A,FC_TRA_E,O4661XR5230B,KTOE,UK,2017,894.700,
ESTAT:TEN00126(1.0),19/01/22 11:00:00,A,FC_TRA_E,O4661XR5230B,KTOE,UK,2018,901.256,
ESTAT:TEN00126(1.0),19/01/22 11:00:00,A,FC_TRA_E,O4661XR5230B,KTOE,UK,2019,908.651,
ESTAT:TEN00126(1.0),19/01/22 11:00:00,A,FC_TRA_E,O4661XR5230B,KTOE,XK,2009,0.000,
ESTAT:TEN00126(1.0),19/01/22 11:00:00,A,FC_TRA_E,O4661XR5230B,KTOE,XK,2010,0.000,
ESTAT:TEN00126(1.0),19/01/22 11:00:00,A,FC_TRA_E,O4661XR5230B,KTOE,XK,2011,0.000,
ESTAT:TEN00126(1.0),19/01/22 11:00:00,A,FC_TRA_E,O4661XR5230B,KTOE,XK,2012,0.000,
ESTAT:TEN00126(1.0),19/01/22 11:00:00,A,FC_TRA_E,O4661XR5230B,KTOE,XK,2013,0.000,
ESTAT:TEN00126(1.0),19/01/22 11:00:00,A,FC_TRA_E,O4661XR5230B,KTOE,XK,2014,0.000,
ESTAT:TEN00126(1.0),19/01/22 11:00:00,A,FC_TRA_E,O4661XR5230B,KTOE,XK,2015,0.000,
ESTAT:TEN00126(1.0),19/01/22 11:00:00,A,FC_TRA_E,O4661XR5230B,KTOE,XK,2016,0.000,
ESTAT:TEN00126(1.0),19/01/22 11:00:00,A,FC_TRA_E,O4661XR5230B,KTOE,XK,2017,0.000,
ESTAT:TEN00126(1.0),19/01/22 11:00:00,A,FC_TRA_E,O4661XR5230B,KTOE,XK,2018,0.000,
ESTAT:TEN00126(1.0),19/01/22 11:00:00,A,FC_TRA_E,O4661XR5230B,KTOE,XK,2019,0.000,
ESTAT:TEN00126(1.0),19/01/22 11:00:00,A,FC_TRA_E,O4661XR5230B,KTOE,XK,2020,0.000,
ESTAT:TEN00126(1.0),19/01/22 11:00:00,A,FC_TRA_E,O4671XR5220B,KTOE,AL,2009,639.935,
ESTAT:TEN00126(1.0),19/01/22 11:00:00,A,FC_TRA_E,O4671XR5220B,KTOE,AL,2010,598.022,
ESTAT:TEN00126(1.0),19/01/22 11:00:00,A,FC_TRA_E,O4671XR5220B,KTOE,AL,2011,650.158,
ESTAT:TEN00126(1.0),19/01/22 11:00:00,A,FC_TRA_E,O4671XR5220B,KTOE,AL,2012,631.757,
ESTAT:TEN00126(1.0),19/01/22 11:00:00,A,FC_TRA_E,O4671XR5220B,KTOE,AL,2013,683.892,
ESTAT:TEN00126(1.0),19/01/22 11:00:00,A,FC_TRA_E,O4671XR5220B,KTOE,AL,2014,687.981,
ESTAT:TEN00126(1.0),19/01/22 11:00:00,A,FC_TRA_E,O4671XR5220B,KTOE,AL,2015,678.781,
ESTAT:TEN00126(1.0),19/01/22 11:00:00,A,FC_TRA_E,O4671XR5220B,KTOE,AL,2016,638.913,
ESTAT:TEN00126(1.0),19/01/22 11:00:00,A,FC_TRA_E,O4671XR5220B,KTOE,AL,2017,644.749,
ESTAT:TEN00126(1.0),19/01/22 11:00:00,A,FC_TRA_E,O4671XR5220B,KTOE,AL,2018,603.987,
ESTAT:TEN00126(1.0),19/01/22 11:00:00,A,FC_TRA_E,O4671XR5220B,KTOE,AL,2019,597.450,
ESTAT:TEN00126(1.0),19/01/22 11:00:00,A,FC_TRA_E,O4671XR5220B,KTOE,AL,2020,416.914,
ESTAT:TEN00126(1.0),19/01/22 11:00:00,A,FC_TRA_E,O4671XR5220B,KTOE,AT,2009,5080.931,
ESTAT:TEN00126(1.0),19/01/22 11:00:00,A,FC_TRA_E,O4671XR5220B,KTOE,AT,2010,5352.332,
ESTAT:TEN00126(1.0),19/01/22 11:00:00,A,FC_TRA_E,O4671XR5220B,KTOE,AT,2011,5155.597,
ESTAT:TEN00126(1.0),19/01/22 11:00:00,A,FC_TRA_E,O4671XR5220B,KTOE,AT,2012,5178.887,
ESTAT:TEN00126(1.0),19/01/22 11:00:00,A,FC_TRA_E,O4671XR5220B,KTOE,AT,2013,5628.085,
ESTAT:TEN00126(1.0),19/01/22 11:00:00,A,FC_TRA_E,O4671XR5220B,KTOE,AT,2014,5544.058,
ESTAT:TEN00126(1.0),19/01/22 11:00:00,A,FC_TRA_E,O4671XR5220B,KTOE,AT,2015,5667.552,
ESTAT:TEN00126(1.0),19/01/22 11:00:00,A,FC_TRA_E,O4671XR5220B,KTOE,AT,2016,5938.143,
ESTAT:TEN00126(1.0),19/01/22 11:00:00,A,FC_TRA_E,O4671XR5220B,KTOE,AT,2017,6111.428,
ESTAT:TEN00126(1.0),19/01/22 11:00:00,A,FC_TRA_E,O4671XR5220B,KTOE,AT,2018,6172.298,
ESTAT:TEN00126(1.0),19/01/22 11:00:00,A,FC_TRA_E,O4671XR5220B,KTOE,AT,2019,6209.396,
ESTAT:TEN00126(1.0),19/01/22 11:00:00,A,FC_TRA_E,O4671XR5220B,KTOE,AT,2020,5491.701,
ESTAT:TEN00126(1.0),19/01/22 11:00:00,A,FC_TRA_E,O4671XR5220B,KTOE,BA,2014,741.621,
ESTAT:TEN00126(1.0),19/01/22 11:00:00,A,FC_TRA_E,O4671XR5220B,KTOE,BA,2015,776.304,
ESTAT:TEN00126(1.0),19/01/22 11:00:00,A,FC_TRA_E,O4671XR5220B,KTOE,BA,2016,928.301,
ESTAT:TEN00126(1.0),19/01/22 11:00:00,A,FC_TRA_E,O4671XR5220B,KTOE,BA,2017,976.246,
ESTAT:TEN00126(1.0),19/01/22 11:00:00,A,FC_TRA_E,O4671XR5220B,KTOE,BA,2018,982.419,
ESTAT:TEN00126(1.0),19/01/22 11:00:00,A,FC_TRA_E,O4671XR5220B,KTOE,BA,2019,1075.712,
ESTAT:TEN00126(1.0),19/01/22 11:00:00,A,FC_TRA_E,O4671XR5220B,KTOE,BE,2009,7192.120,
ESTAT:TEN00126(1.0),19/01/22 11:00:00,A,FC_TRA_E,O4671XR5220B,KTOE,BE,2010,7072.261,
ESTAT:TEN00126(1.0),19/01/22 11:00:00,A,FC_TRA_E,O4671XR5220B,KTOE,BE,2011,6996.990,
ESTAT:TEN00126(1.0),19/01/22 11:00:00,A,FC_TRA_E,O4671XR5220B,KTOE,BE,2012,6783.892,
ESTAT:TEN00126(1.0),19/01/22 11:00:00,A,FC_TRA_E,O4671XR5220B,KTOE,BE,2013,6634.512,
ESTAT:TEN00126(1.0),19/01/22 11:00:00,A,FC_TRA_E,O4671XR5220B,KTOE,BE,2014,6640.582,
ESTAT:TEN00126(1.0),19/01/22 11:00:00,A,FC_TRA_E,O4671XR5220B,KTOE,BE,2015,7081.114,
ESTAT:TEN00126(1.0),19/01/22 11:00:00,A,FC_TRA_E,O4671XR5220B,KTOE,BE,2016,6885.492,
ESTAT:TEN00126(1.0),19/01/22 11:00:00,A,FC_TRA_E,O4671XR5220B,KTOE,BE,2017,6700.423,
ESTAT:TEN00126(1.0),19/01/22 11:00:00,A,FC_TRA_E,O4671XR5220B,KTOE,BE,2018,6561.486,
ESTAT:TEN00126(1.0),19/01/22 11:00:00,A,FC_TRA_E,O4671XR5220B,KTOE,BE,2019,6286.407,
ESTAT:TEN00126(1.0),19/01/22 11:00:00,A,FC_TRA_E,O4671XR5220B,KTOE,BE,2020,5316.180,
ESTAT:TEN00126(1.0),19/01/22 11:00:00,A,FC_TRA_E,O4671XR5220B,KTOE,BG,2009,1470.013,
ESTAT:TEN00126(1.0),19/01/22 11:00:00,A,FC_TRA_E,O4671XR5220B,KTOE,BG,2010,1440.714,
ESTAT:TEN00126(1.0),19/01/22 11:00:00,A,FC_TRA_E,O4671XR5220B,KTOE,BG,2011,1511.436,
ESTAT:TEN00126(1.0),19/01/22 11:00:00,A,FC_TRA_E,O4671XR5220B,KTOE,BG,2012,1612.468,
ESTAT:TEN00126(1.0),19/01/22 11:00:00,A,FC_TRA_E,O4671XR5220B,KTOE,BG,2013,1387.167,
ESTAT:TEN00126(1.0),19/01/22 11:00:00,A,FC_TRA_E,O4671XR5220B,KTOE,BG,2014,1584.179,
ESTAT:TEN00126(1.0),19/01/22 11:00:00,A,FC_TRA_E,O4671XR5220B,KTOE,BG,2015,1814.531,
ESTAT:TEN00126(1.0),19/01/22 11:00:00,A,FC_TRA_E,O4671XR5220B,KTOE,BG,2016,1848.882,
ESTAT:TEN00126(1.0),19/01/22 11:00:00,A,FC_TRA_E,O4671XR5220B,KTOE,BG,2017,1875.804,
ESTAT:TEN00126(1.0),19/01/22 11:00:00,A,FC_TRA_E,O4671XR5220B,KTOE,BG,2018,2012.896,
ESTAT:TEN00126(1.0),19/01/22 11:00:00,A,FC_TRA_E,O4671XR5220B,KTOE,BG,2019,2135.029,
ESTAT:TEN00126(1.0),19/01/22 11:00:00,A,FC_TRA_E,O4671XR5220B,KTOE,BG,2020,2002.623,
ESTAT:TEN00126(1.0),19/01/22 11:00:00,A,FC_TRA_E,O4671XR5220B,KTOE,CY,2009,329.250,
ESTAT:TEN00126(1.0),19/01/22 11:00:00,A,FC_TRA_E,O4671XR5220B,KTOE,CY,2010,337.770,
ESTAT:TEN00126(1.0),19/01/22 11:00:00,A,FC_TRA_E,O4671XR5220B,KTOE,CY,2011,321.044,
ESTAT:TEN00126(1.0),19/01/22 11:00:00,A,FC_TRA_E,O4671XR5220B,KTOE,CY,2012,278.425,
ESTAT:TEN00126(1.0),19/01/22 11:00:00,A,FC_TRA_E,O4671XR5220B,KTOE,CY,2013,235.640,
ESTAT:TEN00126(1.0),19/01/22 11:00:00,A,FC_TRA_E,O4671XR5220B,KTOE,CY,2014,229.013,
ESTAT:TEN00126(1.0),19/01/22 11:00:00,A,FC_TRA_E,O4671XR5220B,KTOE,CY,2015,247.188,
ESTAT:TEN00126(1.0),19/01/22 11:00:00,A,FC_TRA_E,O4671XR5220B,KTOE,CY,2016,274.747,
ESTAT:TEN00126(1.0),19/01/22 11:00:00,A,FC_TRA_E,O4671XR5220B,KTOE,CY,2017,299.366,
ESTAT:TEN00126(1.0),19/01/22 11:00:00,A,FC_TRA_E,O4671XR5220B,KTOE,CY,2018,312.014,
ESTAT:TEN00126(1.0),19/01/22 11:00:00,A,FC_TRA_E,O4671XR5220B,KTOE,CY,2019,323.392,
ESTAT:TEN00126(1.0),19/01/22 11:00:00,A,FC_TRA_E,O4671XR5220B,KTOE,CY,2020,289.136,
ESTAT:TEN00126(1.0),19/01/22 11:00:00,A,FC_TRA_E,O4671XR5220B,KTOE,CZ,2009,3638.815,
ESTAT:TEN00126(1.0),19/01/22 11:00:00,A,FC_TRA_E,O4671XR5220B,KTOE,CZ,2010,3491.848,
ESTAT:TEN00126(1.0),19/01/22 11:00:00,A,FC_TRA_E,O4671XR5220B,KTOE,CZ,2011,3502.002,
ESTAT:TEN00126(1.0),19/01/22 11:00:00,A,FC_TRA_E,O4671XR5220B,KTOE,CZ,2012,3537.766,
ESTAT:TEN00126(1.0),19/01/22 11:00:00,A,FC_TRA_E,O4671XR5220B,KTOE,CZ,2013,3584.271,
ESTAT:TEN00126(1.0),19/01/22 11:00:00,A,FC_TRA_E,O4671XR5220B,KTOE,CZ,2014,3757.143,
ESTAT:TEN00126(1.0),19/01/22 11:00:00,A,FC_TRA_E,O4671XR5220B,KTOE,CZ,2015,3980.648,
ESTAT:TEN00126(1.0),19/01/22 11:00:00,A,FC_TRA_E,O4671XR5220B,KTOE,CZ,2016,4156.368,
ESTAT:TEN00126(1.0),19/01/22 11:00:00,A,FC_TRA_E,O4671XR5220B,KTOE,CZ,2017,4333.060,
ESTAT:TEN00126(1.0),19/01/22 11:00:00,A,FC_TRA_E,O4671XR5220B,KTOE,CZ,2018,4393.177,
ESTAT:TEN00126(1.0),19/01/22 11:00:00,A,FC_TRA_E,O4671XR5220B,KTOE,CZ,2019,4447.755,
ESTAT:TEN00126(1.0),19/01/22 11:00:00,A,FC_TRA_E,O4671XR5220B,KTOE,CZ,2020,4173.360,
ESTAT:TEN00126(1.0),19/01/22 11:00:00,A,FC_TRA_E,O4671XR5220B,KTOE,DE,2009,27239.555,
ESTAT:TEN00126(1.0),19/01/22 11:00:00,A,FC_TRA_E,O4671XR5220B,KTOE,DE,2010,28449.134,
ESTAT:TEN00126(1.0),19/01/22 11:00:00,A,FC_TRA_E,O4671XR5220B,KTOE,DE,2011,29182.681,
ESTAT:TEN00126(1.0),19/01/22 11:00:00,A,FC_TRA_E,O4671XR5220B,KTOE,DE,2012,29832.286,
ESTAT:TEN00126(1.0),19/01/22 11:00:00,A,FC_TRA_E,O4671XR5220B,KTOE,DE,2013,31182.711,
ESTAT:TEN00126(1.0),19/01/22 11:00:00,A,FC_TRA_E,O4671XR5220B,KTOE,DE,2014,32175.295,
ESTAT:TEN00126(1.0),19/01/22 11:00:00,A,FC_TRA_E,O4671XR5220B,KTOE,DE,2015,32943.915,
ESTAT:TEN00126(1.0),19/01/22 11:00:00,A,FC_TRA_E,O4671XR5220B,KTOE,DE,2016,34277.950,
ESTAT:TEN00126(1.0),19/01/22 11:00:00,A,FC_TRA_E,O4671XR5220B,KTOE,DE,2017,34800.538,
ESTAT:TEN00126(1.0),19/01/22 11:00:00,A,FC_TRA_E,O4671XR5220B,KTOE,DE,2018,33506.402,
ESTAT:TEN00126(1.0),19/01/22 11:00:00,A,FC_TRA_E,O4671XR5220B,KTOE,DE,2019,33965.932,
ESTAT:TEN00126(1.0),19/01/22 11:00:00,A,FC_TRA_E,O4671XR5220B,KTOE,DE,2020,30618.749,
ESTAT:TEN00126(1.0),19/01/22 11:00:00,A,FC_TRA_E,O4671XR5220B,KTOE,DK,2009,2579.256,
ESTAT:TEN00126(1.0),19/01/22 11:00:00,A,FC_TRA_E,O4671XR5220B,KTOE,DK,2010,2648.608,
ESTAT:TEN00126(1.0),19/01/22 11:00:00,A,FC_TRA_E,O4671XR5220B,KTOE,DK,2011,2573.137,
ESTAT:TEN00126(1.0),19/01/22 11:00:00,A,FC_TRA_E,O4671XR5220B,KTOE,DK,2012,2390.580,
ESTAT:TEN00126(1.0),19/01/22 11:00:00,A,FC_TRA_E,O4671XR5220B,KTOE,DK,2013,2364.063,
ESTAT:TEN00126(1.0),19/01/22 11:00:00,A,FC_TRA_E,O4671XR5220B,KTOE,DK,2014,2414.692,
ESTAT:TEN00126(1.0),19/01/22 11:00:00,A,FC_TRA_E,O4671XR5220B,KTOE,DK,2015,2507.128,
ESTAT:TEN00126(1.0),19/01/22 11:00:00,A,FC_TRA_E,O4671XR5220B,KTOE,DK,2016,2566.780,
ESTAT:TEN00126(1.0),19/01/22 11:00:00,A,FC_TRA_E,O4671XR5220B,KTOE,DK,2017,2623.062,
ESTAT:TEN00126(1.0),19/01/22 11:00:00,A,FC_TRA_E,O4671XR5220B,KTOE,DK,2018,2699.220,
ESTAT:TEN00126(1.0),19/01/22 11:00:00,A,FC_TRA_E,O4671XR5220B,KTOE,DK,2019,2605.238,
ESTAT:TEN00126(1.0),19/01/22 11:00:00,A,FC_TRA_E,O4671XR5220B,KTOE,DK,2020,2427.056,
ESTAT:TEN00126(1.0),19/01/22 11:00:00,A,FC_TRA_E,O4671XR5220B,KTOE,EA19,2009,143202.431,
ESTAT:TEN00126(1.0),19/01/22 11:00:00,A,FC_TRA_E,O4671XR5220B,KTOE,EA19,2010,144901.721,
ESTAT:TEN00126(1.0),19/01/22 11:00:00,A,FC_TRA_E,O4671XR5220B,KTOE,EA19,2011,144646.695,
ESTAT:TEN00126(1.0),19/01/22 11:00:00,A,FC_TRA_E,O4671XR5220B,KTOE,EA19,2012,140610.312,
ESTAT:TEN00126(1.0),19/01/22 11:00:00,A,FC_TRA_E,O4671XR5220B,KTOE,EA19,2013,141704.221,
ESTAT:TEN00126(1.0),19/01/22 11:00:00,A,FC_TRA_E,O4671XR5220B,KTOE,EA19,2014,143744.723,
ESTAT:TEN00126(1.0),19/01/22 11:00:00,A,FC_TRA_E,O4671XR5220B,KTOE,EA19,2015,146046.322,
ESTAT:TEN00126(1.0),19/01/22 11:00:00,A,FC_TRA_E,O4671XR5220B,KTOE,EA19,2016,149350.443,
ESTAT:TEN00126(1.0),19/01/22 11:00:00,A,FC_TRA_E,O4671XR5220B,KTOE,EA19,2017,149616.370,
ESTAT:TEN00126(1.0),19/01/22 11:00:00,A,FC_TRA_E,O4671XR5220B,KTOE,EA19,2018,148309.308,
ESTAT:TEN00126(1.0),19/01/22 11:00:00,A,FC_TRA_E,O4671XR5220B,KTOE,EA19,2019,147864.961,
ESTAT:TEN00126(1.0),19/01/22 11:00:00,A,FC_TRA_E,O4671XR5220B,KTOE,EA19,2020,127449.457,
ESTAT:TEN00126(1.0),19/01/22 11:00:00,A,FC_TRA_E,O4671XR5220B,KTOE,EE,2009,393.343,
ESTAT:TEN00126(1.0),19/01/22 11:00:00,A,FC_TRA_E,O4671XR5220B,KTOE,EE,2010,446.999,
ESTAT:TEN00126(1.0),19/01/22 11:00:00,A,FC_TRA_E,O4671XR5220B,KTOE,EE,2011,466.042,
ESTAT:TEN00126(1.0),19/01/22 11:00:00,A,FC_TRA_E,O4671XR5220B,KTOE,EE,2012,485.963,
ESTAT:TEN00126(1.0),19/01/22 11:00:00,A,FC_TRA_E,O4671XR5220B,KTOE,EE,2013,483.942,
ESTAT:TEN00126(1.0),19/01/22 11:00:00,A,FC_TRA_E,O4671XR5220B,KTOE,EE,2014,482.932,
ESTAT:TEN00126(1.0),19/01/22 11:00:00,A,FC_TRA_E,O4671XR5220B,KTOE,EE,2015,503.138,
ESTAT:TEN00126(1.0),19/01/22 11:00:00,A,FC_TRA_E,O4671XR5220B,KTOE,EE,2016,505.159,
ESTAT:TEN00126(1.0),19/01/22 11:00:00,A,FC_TRA_E,O4671XR5220B,KTOE,EE,2017,517.434,
ESTAT:TEN00126(1.0),19/01/22 11:00:00,A,FC_TRA_E,O4671XR5220B,KTOE,EE,2018,521.490,
ESTAT:TEN00126(1.0),19/01/22 11:00:00,A,FC_TRA_E,O4671XR5220B,KTOE,EE,2019,503.160,
ESTAT:TEN00126(1.0),19/01/22 11:00:00,A,FC_TRA_E,O4671XR5220B,KTOE,EE,2020,498.390,
ESTAT:TEN00126(1.0),19/01/22 11:00:00,A,FC_TRA_E,O4671XR5220B,KTOE,EL,2009,3083.993,
ESTAT:TEN00126(1.0),19/01/22 11:00:00,A,FC_TRA_E,O4671XR5220B,KTOE,EL,2010,2729.908,
ESTAT:TEN00126(1.0),19/01/22 11:00:00,A,FC_TRA_E,O4671XR5220B,KTOE,EL,2011,2401.261,
ESTAT:TEN00126(1.0),19/01/22 11:00:00,A,FC_TRA_E,O4671XR5220B,KTOE,EL,2012,1848.768,
ESTAT:TEN00126(1.0),19/01/22 11:00:00,A,FC_TRA_E,O4671XR5220B,KTOE,EL,2013,2043.107,
ESTAT:TEN00126(1.0),19/01/22 11:00:00,A,FC_TRA_E,O4671XR5220B,KTOE,EL,2014,2155.030,
ESTAT:TEN00126(1.0),19/01/22 11:00:00,A,FC_TRA_E,O4671XR5220B,KTOE,EL,2015,2253.726,
ESTAT:TEN00126(1.0),19/01/22 11:00:00,A,FC_TRA_E,O4671XR5220B,KTOE,EL,2016,2418.558,
ESTAT:TEN00126(1.0),19/01/22 11:00:00,A,FC_TRA_E,O4671XR5220B,KTOE,EL,2017,2415.096,
ESTAT:TEN00126(1.0),19/01/22 11:00:00,A,FC_TRA_E,O4671XR5220B,KTOE,EL,2018,2503.645,
ESTAT:TEN00126(1.0),19/01/22 11:00:00,A,FC_TRA_E,O4671XR5220B,KTOE,EL,2019,2670.000,
ESTAT:TEN00126(1.0),19/01/22 11:00:00,A,FC_TRA_E,O4671XR5220B,KTOE,EL,2020,2452.448,
ESTAT:TEN00126(1.0),19/01/22 11:00:00,A,FC_TRA_E,O4671XR5220B,KTOE,ES,2009,24914.899,
ESTAT:TEN00126(1.0),19/01/22 11:00:00,A,FC_TRA_E,O4671XR5220B,KTOE,ES,2010,24227.811,
ESTAT:TEN00126(1.0),19/01/22 11:00:00,A,FC_TRA_E,O4671XR5220B,KTOE,ES,2011,22710.877,
ESTAT:TEN00126(1.0),19/01/22 11:00:00,A,FC_TRA_E,O4671XR5220B,KTOE,ES,2012,20466.800,
ESTAT:TEN00126(1.0),19/01/22 11:00:00,A,FC_TRA_E,O4671XR5220B,KTOE,ES,2013,20470.909,
ESTAT:TEN00126(1.0),19/01/22 11:00:00,A,FC_TRA_E,O4671XR5220B,KTOE,ES,2014,20624.964,
ESTAT:TEN00126(1.0),19/01/22 11:00:00,A,FC_TRA_E,O4671XR5220B,KTOE,ES,2015,21433.243,
ESTAT:TEN00126(1.0),19/01/22 11:00:00,A,FC_TRA_E,O4671XR5220B,KTOE,ES,2016,21981.681,
ESTAT:TEN00126(1.0),19/01/22 11:00:00,A,FC_TRA_E,O4671XR5220B,KTOE,ES,2017,22352.441,
ESTAT:TEN00126(1.0),19/01/22 11:00:00,A,FC_TRA_E,O4671XR5220B,KTOE,ES,2018,22412.009,
ESTAT:TEN00126(1.0),19/01/22 11:00:00,A,FC_TRA_E,O4671XR5220B,KTOE,ES,2019,22284.657,
ESTAT:TEN00126(1.0),19/01/22 11:00:00,A,FC_TRA_E,O4671XR5220B,KTOE,ES,2020,18500.024,
ESTAT:TEN00126(1.0),19/01/22 11:00:00,A,FC_TRA_E,O4671XR5220B,KTOE,EU27_2020,2009,169945.816,
ESTAT:TEN00126(1.0),19/01/22 11:00:00,A,FC_TRA_E,O4671XR5220B,KTOE,EU27_2020,2010,172421.349,
ESTAT:TEN00126(1.0),19/01/22 11:00:00,A,FC_TRA_E,O4671XR5220B,KTOE,EU27_2020,2011,172731.742,
ESTAT:TEN00126(1.0),19/01/22 11:00:00,A,FC_TRA_E,O4671XR5220B,KTOE,EU27_2020,2012,168173.692,
ESTAT:TEN00126(1.0),19/01/22 11:00:00,A,FC_TRA_E,O4671XR5220B,KTOE,EU27_2020,2013,168073.671,
ESTAT:TEN00126(1.0),19/01/22 11:00:00,A,FC_TRA_E,O4671XR5220B,KTOE,EU27_2020,2014,171062.685,
ESTAT:TEN00126(1.0),19/01/22 11:00:00,A,FC_TRA_E,O4671XR5220B,KTOE,EU27_2020,2015,175202.265,
ESTAT:TEN00126(1.0),19/01/22 11:00:00,A,FC_TRA_E,O4671XR5220B,KTOE,EU27_2020,2016,180808.246,
ESTAT:TEN00126(1.0),19/01/22 11:00:00,A,FC_TRA_E,O4671XR5220B,KTOE,EU27_2020,2017,184253.532,
ESTAT:TEN00126(1.0),19/01/22 11:00:00,A,FC_TRA_E,O4671XR5220B,KTOE,EU27_2020,2018,183693.154,
ESTAT:TEN00126(1.0),19/01/22 11:00:00,A,FC_TRA_E,O4671XR5220B,KTOE,EU27_2020,2019,183889.256,
ESTAT:TEN00126(1.0),19/01/22 11:00:00,A,FC_TRA_E,O4671XR5220B,KTOE,EU27_2020,2020,161655.419,
ESTAT:TEN00126(1.0),19/01/22 11:00:00,A,FC_TRA_E,O4671XR5220B,KTOE,FI,2009,2237.757,
ESTAT:TEN00126(1.0),19/01/22 11:00:00,A,FC_TRA_E,O4671XR5220B,KTOE,FI,2010,2435.250,
ESTAT:TEN00126(1.0),19/01/22 11:00:00,A,FC_TRA_E,O4671XR5220B,KTOE,FI,2011,2456.366,
ESTAT:TEN00126(1.0),19/01/22 11:00:00,A,FC_TRA_E,O4671XR5220B,KTOE,FI,2012,2428.778,
ESTAT:TEN00126(1.0),19/01/22 11:00:00,A,FC_TRA_E,O4671XR5220B,KTOE,FI,2013,2403.095,
ESTAT:TEN00126(1.0),19/01/22 11:00:00,A,FC_TRA_E,O4671XR5220B,KTOE,FI,2014,2099.742,
ESTAT:TEN00126(1.0),19/01/22 11:00:00,A,FC_TRA_E,O4671XR5220B,KTOE,FI,2015,2109.386,
ESTAT:TEN00126(1.0),19/01/22 11:00:00,A,FC_TRA_E,O4671XR5220B,KTOE,FI,2016,2507.914,
ESTAT:TEN00126(1.0),19/01/22 11:00:00,A,FC_TRA_E,O4671XR5220B,KTOE,FI,2017,2351.958,
ESTAT:TEN00126(1.0),19/01/22 11:00:00,A,FC_TRA_E,O4671XR5220B,KTOE,FI,2018,2425.940,
ESTAT:TEN00126(1.0),19/01/22 11:00:00,A,FC_TRA_E,O4671XR5220B,KTOE,FI,2019,2323.050,
ESTAT:TEN00126(1.0),19/01/22 11:00:00,A,FC_TRA_E,O4671XR5220B,KTOE,FI,2020,2194.887,
ESTAT:TEN00126(1.0),19/01/22 11:00:00,A,FC_TRA_E,O4671XR5220B,KTOE,FR,2009,30807.072,
ESTAT:TEN00126(1.0),19/01/22 11:00:00,A,FC_TRA_E,O4671XR5220B,KTOE,FR,2010,31531.537,
ESTAT:TEN00126(1.0),19/01/22 11:00:00,A,FC_TRA_E,O4671XR5220B,KTOE,FR,2011,32563.048,
ESTAT:TEN00126(1.0),19/01/22 11:00:00,A,FC_TRA_E,O4671XR5220B,KTOE,FR,2012,32625.813,
ESTAT:TEN00126(1.0),19/01/22 11:00:00,A,FC_TRA_E,O4671XR5220B,KTOE,FR,2013,32530.375,
ESTAT:TEN00126(1.0),19/01/22 11:00:00,A,FC_TRA_E,O4671XR5220B,KTOE,FR,2014,32608.118,
ESTAT:TEN00126(1.0),19/01/22 11:00:00,A,FC_TRA_E,O4671XR5220B,KTOE,FR,2015,32926.242,
ESTAT:TEN00126(1.0),19/01/22 11:00:00,A,FC_TRA_E,O4671XR5220B,KTOE,FR,2016,32922.508,
ESTAT:TEN00126(1.0),19/01/22 11:00:00,A,FC_TRA_E,O4671XR5220B,KTOE,FR,2017,32829.227,
ESTAT:TEN00126(1.0),19/01/22 11:00:00,A,FC_TRA_E,O4671XR5220B,KTOE,FR,2018,31599.578,
ESTAT:TEN00126(1.0),19/01/22 11:00:00,A,FC_TRA_E,O4671XR5220B,KTOE,FR,2019,31018.306,
ESTAT:TEN00126(1.0),19/01/22 11:00:00,A,FC_TRA_E,O4671XR5220B,KTOE,FR,2020,26577.400,
ESTAT:TEN00126(1.0),19/01/22 11:00:00,A,FC_TRA_E,O4671XR5220B,KTOE,GE,2013,401.906,
ESTAT:TEN00126(1.0),19/01/22 11:00:00,A,FC_TRA_E,O4671XR5220B,KTOE,GE,2014,451.763,
ESTAT:TEN00126(1.0),19/01/22 11:00:00,A,FC_TRA_E,O4671XR5220B,KTOE,GE,2015,511.794,
ESTAT:TEN00126(1.0),19/01/22 11:00:00,A,FC_TRA_E,O4671XR5220B,KTOE,GE,2016,561.651,
ESTAT:TEN00126(1.0),19/01/22 11:00:00,A,FC_TRA_E,O4671XR5220B,KTOE,GE,2017,494.904,
ESTAT:TEN00126(1.0),19/01/22 11:00:00,A,FC_TRA_E,O4671XR5220B,KTOE,GE,2018,453.030,
ESTAT:TEN00126(1.0),19/01/22 11:00:00,A,FC_TRA_E,O4671XR5220B,KTOE,GE,2019,482.666,
ESTAT:TEN00126(1.0),19/01/22 11:00:00,A,FC_TRA_E,O4671XR5220B,KTOE,GE,2020,464.344,
ESTAT:TEN00126(1.0),19/01/22 11:00:00,A,FC_TRA_E,O4671XR5220B,KTOE,HR,2009,1226.527,
ESTAT:TEN00126(1.0),19/01/22 11:00:00,A,FC_TRA_E,O4671XR5220B,KTOE,HR,2010,1196.926,
ESTAT:TEN00126(1.0),19/01/22 11:00:00,A,FC_TRA_E,O4671XR5220B,KTOE,HR,2011,1177.601,
ESTAT:TEN00126(1.0),19/01/22 11:00:00,A,FC_TRA_E,O4671XR5220B,KTOE,HR,2012,1156.149,
ESTAT:TEN00126(1.0),19/01/22 11:00:00,A,FC_TRA_E,O4671XR5220B,KTOE,HR,2013,1195.837,
ESTAT:TEN00126(1.0),19/01/22 11:00:00,A,FC_TRA_E,O4671XR5220B,KTOE,HR,2014,1215.191,
ESTAT:TEN00126(1.0),19/01/22 11:00:00,A,FC_TRA_E,O4671XR5220B,KTOE,HR,2015,1309.720,
ESTAT:TEN00126(1.0),19/01/22 11:00:00,A,FC_TRA_E,O4671XR5220B,KTOE,HR,2016,1371.808,
ESTAT:TEN00126(1.0),19/01/22 11:00:00,A,FC_TRA_E,O4671XR5220B,KTOE,HR,2017,1544.684,
ESTAT:TEN00126(1.0),19/01/22 11:00:00,A,FC_TRA_E,O4671XR5220B,KTOE,HR,2018,1482.625,
ESTAT:TEN00126(1.0),19/01/22 11:00:00,A,FC_TRA_E,O4671XR5220B,KTOE,HR,2019,1565.294,
ESTAT:TEN00126(1.0),19/01/22 11:00:00,A,FC_TRA_E,O4671XR5220B,KTOE,HR,2020,1401.530,
ESTAT:TEN00126(1.0),19/01/22 11:00:00,A,FC_TRA_E,O4671XR5220B,KTOE,HU,2009,2601.175,
ESTAT:TEN00126(1.0),19/01/22 11:00:00,A,FC_TRA_E,O4671XR5220B,KTOE,HU,2010,2413.586,
ESTAT:TEN00126(1.0),19/01/22 11:00:00,A,FC_TRA_E,O4671XR5220B,KTOE,HU,2011,2230.009,
ESTAT:TEN00126(1.0),19/01/22 11:00:00,A,FC_TRA_E,O4671XR5220B,KTOE,HU,2012,2138.722,
ESTAT:TEN00126(1.0),19/01/22 11:00:00,A,FC_TRA_E,O4671XR5220B,KTOE,HU,2013,1984.236,
ESTAT:TEN00126(1.0),19/01/22 11:00:00,A,FC_TRA_E,O4671XR5220B,KTOE,HU,2014,2272.141,
ESTAT:TEN00126(1.0),19/01/22 11:00:00,A,FC_TRA_E,O4671XR5220B,KTOE,HU,2015,2559.043,
ESTAT:TEN00126(1.0),19/01/22 11:00:00,A,FC_TRA_E,O4671XR5220B,KTOE,HU,2016,2590.312,
ESTAT:TEN00126(1.0),19/01/22 11:00:00,A,FC_TRA_E,O4671XR5220B,KTOE,HU,2017,2797.291,
ESTAT:TEN00126(1.0),19/01/22 11:00:00,A,FC_TRA_E,O4671XR5220B,KTOE,HU,2018,2994.024,
ESTAT:TEN00126(1.0),19/01/22 11:00:00,A,FC_TRA_E,O4671XR5220B,KTOE,HU,2019,3152.845,
ESTAT:TEN00126(1.0),19/01/22 11:00:00,A,FC_TRA_E,O4671XR5220B,KTOE,HU,2020,2690.728,
ESTAT:TEN00126(1.0),19/01/22 11:00:00,A,FC_TRA_E,O4671XR5220B,KTOE,IE,2009,2378.227,
ESTAT:TEN00126(1.0),19/01/22 11:00:00,A,FC_TRA_E,O4671XR5220B,KTOE,IE,2010,2235.543,
ESTAT:TEN00126(1.0),19/01/22 11:00:00,A,FC_TRA_E,O4671XR5220B,KTOE,IE,2011,2221.316,
ESTAT:TEN00126(1.0),19/01/22 11:00:00,A,FC_TRA_E,O4671XR5220B,KTOE,IE,2012,2224.421,
ESTAT:TEN00126(1.0),19/01/22 11:00:00,A,FC_TRA_E,O4671XR5220B,KTOE,IE,2013,2364.871,
ESTAT:TEN00126(1.0),19/01/22 11:00:00,A,FC_TRA_E,O4671XR5220B,KTOE,IE,2014,2514.932,
ESTAT:TEN00126(1.0),19/01/22 11:00:00,A,FC_TRA_E,O4671XR5220B,KTOE,IE,2015,2727.035,
ESTAT:TEN00126(1.0),19/01/22 11:00:00,A,FC_TRA_E,O4671XR5220B,KTOE,IE,2016,2951.306,
ESTAT:TEN00126(1.0),19/01/22 11:00:00,A,FC_TRA_E,O4671XR5220B,KTOE,IE,2017,2955.000,
ESTAT:TEN00126(1.0),19/01/22 11:00:00,A,FC_TRA_E,O4671XR5220B,KTOE,IE,2018,3083.725,
ESTAT:TEN00126(1.0),19/01/22 11:00:00,A,FC_TRA_E,O4671XR5220B,KTOE,IE,2019,3124.197,
ESTAT:TEN00126(1.0),19/01/22 11:00:00,A,FC_TRA_E,O4671XR5220B,KTOE,IE,2020,2700.288,
ESTAT:TEN00126(1.0),19/01/22 11:00:00,A,FC_TRA_E,O4671XR5220B,KTOE,IS,2009,123.244,
ESTAT:TEN00126(1.0),19/01/22 11:00:00,A,FC_TRA_E,O4671XR5220B,KTOE,IS,2010,117.082,
ESTAT:TEN00126(1.0),19/01/22 11:00:00,A,FC_TRA_E,O4671XR5220B,KTOE,IS,2011,115.028,
ESTAT:TEN00126(1.0),19/01/22 11:00:00,A,FC_TRA_E,O4671XR5220B,KTOE,IS,2012,118.109,
ESTAT:TEN00126(1.0),19/01/22 11:00:00,A,FC_TRA_E,O4671XR5220B,KTOE,IS,2013,124.272,
ESTAT:TEN00126(1.0),19/01/22 11:00:00,A,FC_TRA_E,O4671XR5220B,KTOE,IS,2014,120.163,
ESTAT:TEN00126(1.0),19/01/22 11:00:00,A,FC_TRA_E,O4671XR5220B,KTOE,IS,2015,137.623,
ESTAT:TEN00126(1.0),19/01/22 11:00:00,A,FC_TRA_E,O4671XR5220B,KTOE,IS,2016,158.723,
ESTAT:TEN00126(1.0),19/01/22 11:00:00,A,FC_TRA_E,O4671XR5220B,KTOE,IS,2017,178.728,
ESTAT:TEN00126(1.0),19/01/22 11:00:00,A,FC_TRA_E,O4671XR5220B,KTOE,IS,2018,192.509,
ESTAT:TEN00126(1.0),19/01/22 11:00:00,A,FC_TRA_E,O4671XR5220B,KTOE,IS,2019,198.024,
ESTAT:TEN00126(1.0),19/01/22 11:00:00,A,FC_TRA_E,O4671XR5220B,KTOE,IS,2020,179.821,
ESTAT:TEN00126(1.0),19/01/22 11:00:00,A,FC_TRA_E,O4671XR5220B,KTOE,IT,2009,23007.337,
ESTAT:TEN00126(1.0),19/01/22 11:00:00,A,FC_TRA_E,O4671XR5220B,KTOE,IT,2010,22703.110,
ESTAT:TEN00126(1.0),19/01/22 11:00:00,A,FC_TRA_E,O4671XR5220B,KTOE,IT,2011,22913.729,
ESTAT:TEN00126(1.0),19/01/22 11:00:00,A,FC_TRA_E,O4671XR5220B,KTOE,IT,2012,21910.490,
ESTAT:TEN00126(1.0),19/01/22 11:00:00,A,FC_TRA_E,O4671XR5220B,KTOE,IT,2013,21433.290,
ESTAT:TEN00126(1.0),19/01/22 11:00:00,A,FC_TRA_E,O4671XR5220B,KTOE,IT,2014,22773.316,
ESTAT:TEN00126(1.0),19/01/22 11:00:00,A,FC_TRA_E,O4671XR5220B,KTOE,IT,2015,22089.567,
ESTAT:TEN00126(1.0),19/01/22 11:00:00,A,FC_TRA_E,O4671XR5220B,KTOE,IT,2016,22136.371,
ESTAT:TEN00126(1.0),19/01/22 11:00:00,A,FC_TRA_E,O4671XR5220B,KTOE,IT,2017,20987.313,
ESTAT:TEN00126(1.0),19/01/22 11:00:00,A,FC_TRA_E,O4671XR5220B,KTOE,IT,2018,21607.464,
ESTAT:TEN00126(1.0),19/01/22 11:00:00,A,FC_TRA_E,O4671XR5220B,KTOE,IT,2019,21650.600,
ESTAT:TEN00126(1.0),19/01/22 11:00:00,A,FC_TRA_E,O4671XR5220B,KTOE,IT,2020,17648.984,
ESTAT:TEN00126(1.0),19/01/22 11:00:00,A,FC_TRA_E,O4671XR5220B,KTOE,LT,2009,832.226,
ESTAT:TEN00126(1.0),19/01/22 11:00:00,A,FC_TRA_E,O4671XR5220B,KTOE,LT,2010,950.527,
ESTAT:TEN00126(1.0),19/01/22 11:00:00,A,FC_TRA_E,O4671XR5220B,KTOE,LT,2011,990.647,
ESTAT:TEN00126(1.0),19/01/22 11:00:00,A,FC_TRA_E,O4671XR5220B,KTOE,LT,2012,1025.623,
ESTAT:TEN00126(1.0),19/01/22 11:00:00,A,FC_TRA_E,O4671XR5220B,KTOE,LT,2013,1052.370,
ESTAT:TEN00126(1.0),19/01/22 11:00:00,A,FC_TRA_E,O4671XR5220B,KTOE,LT,2014,1215.934,
ESTAT:TEN00126(1.0),19/01/22 11:00:00,A,FC_TRA_E,O4671XR5220B,KTOE,LT,2015,1313.399,
ESTAT:TEN00126(1.0),19/01/22 11:00:00,A,FC_TRA_E,O4671XR5220B,KTOE,LT,2016,1429.076,
ESTAT:TEN00126(1.0),19/01/22 11:00:00,A,FC_TRA_E,O4671XR5220B,KTOE,LT,2017,1518.956,
ESTAT:TEN00126(1.0),19/01/22 11:00:00,A,FC_TRA_E,O4671XR5220B,KTOE,LT,2018,1627.673,
ESTAT:TEN00126(1.0),19/01/22 11:00:00,A,FC_TRA_E,O4671XR5220B,KTOE,LT,2019,1694.213,
ESTAT:TEN00126(1.0),19/01/22 11:00:00,A,FC_TRA_E,O4671XR5220B,KTOE,LT,2020,1654.271,
ESTAT:TEN00126(1.0),19/01/22 11:00:00,A,FC_TRA_E,O4671XR5220B,KTOE,LU,2009,1617.458,
ESTAT:TEN00126(1.0),19/01/22 11:00:00,A,FC_TRA_E,O4671XR5220B,KTOE,LU,2010,1760.084,
ESTAT:TEN00126(1.0),19/01/22 11:00:00,A,FC_TRA_E,O4671XR5220B,KTOE,LU,2011,1880.069,
ESTAT:TEN00126(1.0),19/01/22 11:00:00,A,FC_TRA_E,O4671XR5220B,KTOE,LU,2012,1786.428,
ESTAT:TEN00126(1.0),19/01/22 11:00:00,A,FC_TRA_E,O4671XR5220B,KTOE,LU,2013,1771.169,
ESTAT:TEN00126(1.0),19/01/22 11:00:00,A,FC_TRA_E,O4671XR5220B,KTOE,LU,2014,1689.466,
ESTAT:TEN00126(1.0),19/01/22 11:00:00,A,FC_TRA_E,O4671XR5220B,KTOE,LU,2015,1569.287,
ESTAT:TEN00126(1.0),19/01/22 11:00:00,A,FC_TRA_E,O4671XR5220B,KTOE,LU,2016,1520.404,
ESTAT:TEN00126(1.0),19/01/22 11:00:00,A,FC_TRA_E,O4671XR5220B,KTOE,LU,2017,1539.206,
ESTAT:TEN00126(1.0),19/01/22 11:00:00,A,FC_TRA_E,O4671XR5220B,KTOE,LU,2018,1636.620,
ESTAT:TEN00126(1.0),19/01/22 11:00:00,A,FC_TRA_E,O4671XR5220B,KTOE,LU,2019,1666.884,
ESTAT:TEN00126(1.0),19/01/22 11:00:00,A,FC_TRA_E,O4671XR5220B,KTOE,LU,2020,1251.016,
ESTAT:TEN00126(1.0),19/01/22 11:00:00,A,FC_TRA_E,O4671XR5220B,KTOE,LV,2009,678.939,
ESTAT:TEN00126(1.0),19/01/22 11:00:00,A,FC_TRA_E,O4671XR5220B,KTOE,LV,2010,727.652,
ESTAT:TEN00126(1.0),19/01/22 11:00:00,A,FC_TRA_E,O4671XR5220B,KTOE,LV,2011,628.196,
ESTAT:TEN00126(1.0),19/01/22 11:00:00,A,FC_TRA_E,O4671XR5220B,KTOE,LV,2012,621.092,
ESTAT:TEN00126(1.0),19/01/22 11:00:00,A,FC_TRA_E,O4671XR5220B,KTOE,LV,2013,642.404,
ESTAT:TEN00126(1.0),19/01/22 11:00:00,A,FC_TRA_E,O4671XR5220B,KTOE,LV,2014,679.954,
ESTAT:TEN00126(1.0),19/01/22 11:00:00,A,FC_TRA_E,O4671XR5220B,KTOE,LV,2015,736.786,
ESTAT:TEN00126(1.0),19/01/22 11:00:00,A,FC_TRA_E,O4671XR5220B,KTOE,LV,2016,752.008,
ESTAT:TEN00126(1.0),19/01/22 11:00:00,A,FC_TRA_E,O4671XR5220B,KTOE,LV,2017,810.883,
ESTAT:TEN00126(1.0),19/01/22 11:00:00,A,FC_TRA_E,O4671XR5220B,KTOE,LV,2018,822.346,
ESTAT:TEN00126(1.0),19/01/22 11:00:00,A,FC_TRA_E,O4671XR5220B,KTOE,LV,2019,831.847,
ESTAT:TEN00126(1.0),19/01/22 11:00:00,A,FC_TRA_E,O4671XR5220B,KTOE,LV,2020,779.899,
ESTAT:TEN00126(1.0),19/01/22 11:00:00,A,FC_TRA_E,O4671XR5220B,KTOE,MD,2010,349.604,
ESTAT:TEN00126(1.0),19/01/22 11:00:00,A,FC_TRA_E,O4671XR5220B,KTOE,MD,2011,379.076,
ESTAT:TEN00126(1.0),19/01/22 11:00:00,A,FC_TRA_E,O4671XR5220B,KTOE,MD,2012,342.489,
ESTAT:TEN00126(1.0),19/01/22 11:00:00,A,FC_TRA_E,O4671XR5220B,KTOE,MD,2013,380.092,
ESTAT:TEN00126(1.0),19/01/22 11:00:00,A,FC_TRA_E,O4671XR5220B,KTOE,MD,2014,401.434,
ESTAT:TEN00126(1.0),19/01/22 11:00:00,A,FC_TRA_E,O4671XR5220B,KTOE,MD,2015,441.070,
ESTAT:TEN00126(1.0),19/01/22 11:00:00,A,FC_TRA_E,O4671XR5220B,KTOE,MD,2016,466.477,
ESTAT:TEN00126(1.0),19/01/22 11:00:00,A,FC_TRA_E,O4671XR5220B,KTOE,MD,2017,476.640,
ESTAT:TEN00126(1.0),19/01/22 11:00:00,A,FC_TRA_E,O4671XR5220B,KTOE,MD,2018,481.721,
ESTAT:TEN00126(1.0),19/01/22 11:00:00,A,FC_TRA_E,O4671XR5220B,KTOE,MD,2019,501.234,
ESTAT:TEN00126(1.0),19/01/22 11:00:00,A,FC_TRA_E,O4671XR5220B,KTOE,MD,2020,480.197,
ESTAT:TEN00126(1.0),19/01/22 11:00:00,A,FC_TRA_E,O4671XR5220B,KTOE,ME,2009,139.755,
ESTAT:TEN00126(1.0),19/01/22 11:00:00,A,FC_TRA_E,O4671XR5220B,KTOE,ME,2010,167.298,
ESTAT:TEN00126(1.0),19/01/22 11:00:00,A,FC_TRA_E,O4671XR5220B,KTOE,ME,2011,167.298,
ESTAT:TEN00126(1.0),19/01/22 11:00:00,A,FC_TRA_E,O4671XR5220B,KTOE,ME,2012,160.157,
ESTAT:TEN00126(1.0),19/01/22 11:00:00,A,FC_TRA_E,O4671XR5220B,KTOE,ME,2013,127.514,
ESTAT:TEN00126(1.0),19/01/22 11:00:00,A,FC_TRA_E,O4671XR5220B,KTOE,ME,2014,117.313,
ESTAT:TEN00126(1.0),19/01/22 11:00:00,A,FC_TRA_E,O4671XR5220B,KTOE,ME,2015,138.735,
ESTAT:TEN00126(1.0),19/01/22 11:00:00,A,FC_TRA_E,O4671XR5220B,KTOE,ME,2016,170.359,
ESTAT:TEN00126(1.0),19/01/22 11:00:00,A,FC_TRA_E,O4671XR5220B,KTOE,ME,2017,186.782,
ESTAT:TEN00126(1.0),19/01/22 11:00:00,A,FC_TRA_E,O4671XR5220B,KTOE,ME,2018,205.450,
ESTAT:TEN00126(1.0),19/01/22 11:00:00,A,FC_TRA_E,O4671XR5220B,KTOE,ME,2019,216.263,
ESTAT:TEN00126(1.0),19/01/22 11:00:00,A,FC_TRA_E,O4671XR5220B,KTOE,ME,2020,188.516,
ESTAT:TEN00126(1.0),19/01/22 11:00:00,A,FC_TRA_E,O4671XR5220B,KTOE,MK,2009,251.712,
ESTAT:TEN00126(1.0),19/01/22 11:00:00,A,FC_TRA_E,O4671XR5220B,KTOE,MK,2010,274.493,
ESTAT:TEN00126(1.0),19/01/22 11:00:00,A,FC_TRA_E,O4671XR5220B,KTOE,MK,2011,295.883,
ESTAT:TEN00126(1.0),19/01/22 11:00:00,A,FC_TRA_E,O4671XR5220B,KTOE,MK,2012,303.756,
ESTAT:TEN00126(1.0),19/01/22 11:00:00,A,FC_TRA_E,O4671XR5220B,KTOE,MK,2013,354.451,
ESTAT:TEN00126(1.0),19/01/22 11:00:00,A,FC_TRA_E,O4671XR5220B,KTOE,MK,2014,382.613,
ESTAT:TEN00126(1.0),19/01/22 11:00:00,A,FC_TRA_E,O4671XR5220B,KTOE,MK,2015,432.865,
ESTAT:TEN00126(1.0),19/01/22 11:00:00,A,FC_TRA_E,O4671XR5220B,KTOE,MK,2016,509.937,
ESTAT:TEN00126(1.0),19/01/22 11:00:00,A,FC_TRA_E,O4671XR5220B,KTOE,MK,2017,537.497,
ESTAT:TEN00126(1.0),19/01/22 11:00:00,A,FC_TRA_E,O4671XR5220B,KTOE,MK,2018,538.547,
ESTAT:TEN00126(1.0),19/01/22 11:00:00,A,FC_TRA_E,O4671XR5220B,KTOE,MK,2019,586.993,
ESTAT:TEN00126(1.0),19/01/22 11:00:00,A,FC_TRA_E,O4671XR5220B,KTOE,MK,2020,515.666,
ESTAT:TEN00126(1.0),19/01/22 11:00:00,A,FC_TRA_E,O4671XR5220B,KTOE,MT,2009,93.460,
ESTAT:TEN00126(1.0),19/01/22 11:00:00,A,FC_TRA_E,O4671XR5220B,KTOE,MT,2010,107.839,
ESTAT:TEN00126(1.0),19/01/22 11:00:00,A,FC_TRA_E,O4671XR5220B,KTOE,MT,2011,105.785,
ESTAT:TEN00126(1.0),19/01/22 11:00:00,A,FC_TRA_E,O4671XR5220B,KTOE,MT,2012,102.704,
ESTAT:TEN00126(1.0),19/01/22 11:00:00,A,FC_TRA_E,O4671XR5220B,KTOE,MT,2013,103.731,
ESTAT:TEN00126(1.0),19/01/22 11:00:00,A,FC_TRA_E,O4671XR5220B,KTOE,MT,2014,106.812,
ESTAT:TEN00126(1.0),19/01/22 11:00:00,A,FC_TRA_E,O4671XR5220B,KTOE,MT,2015,114.001,
ESTAT:TEN00126(1.0),19/01/22 11:00:00,A,FC_TRA_E,O4671XR5220B,KTOE,MT,2016,112.974,
ESTAT:TEN00126(1.0),19/01/22 11:00:00,A,FC_TRA_E,O4671XR5220B,KTOE,MT,2017,119.317,
ESTAT:TEN00126(1.0),19/01/22 11:00:00,A,FC_TRA_E,O4671XR5220B,KTOE,MT,2018,140.056,
ESTAT:TEN00126(1.0),19/01/22 11:00:00,A,FC_TRA_E,O4671XR5220B,KTOE,MT,2019,149.175,
ESTAT:TEN00126(1.0),19/01/22 11:00:00,A,FC_TRA_E,O4671XR5220B,KTOE,MT,2020,116.135,
ESTAT:TEN00126(1.0),19/01/22 11:00:00,A,FC_TRA_E,O4671XR5220B,KTOE,NL,2009,6646.948,
ESTAT:TEN00126(1.0),19/01/22 11:00:00,A,FC_TRA_E,O4671XR5220B,KTOE,NL,2010,6862.597,
ESTAT:TEN00126(1.0),19/01/22 11:00:00,A,FC_TRA_E,O4671XR5220B,KTOE,NL,2011,6870.851,
ESTAT:TEN00126(1.0),19/01/22 11:00:00,A,FC_TRA_E,O4671XR5220B,KTOE,NL,2012,6548.925,
ESTAT:TEN00126(1.0),19/01/22 11:00:00,A,FC_TRA_E,O4671XR5220B,KTOE,NL,2013,6386.930,
ESTAT:TEN00126(1.0),19/01/22 11:00:00,A,FC_TRA_E,O4671XR5220B,KTOE,NL,2014,5797.764,
ESTAT:TEN00126(1.0),19/01/22 11:00:00,A,FC_TRA_E,O4671XR5220B,KTOE,NL,2015,5913.139,
ESTAT:TEN00126(1.0),19/01/22 11:00:00,A,FC_TRA_E,O4671XR5220B,KTOE,NL,2016,5852.104,
ESTAT:TEN00126(1.0),19/01/22 11:00:00,A,FC_TRA_E,O4671XR5220B,KTOE,NL,2017,5940.908,
ESTAT:TEN00126(1.0),19/01/22 11:00:00,A,FC_TRA_E,O4671XR5220B,KTOE,NL,2018,5957.845,
ESTAT:TEN00126(1.0),19/01/22 11:00:00,A,FC_TRA_E,O4671XR5220B,KTOE,NL,2019,5683.884,
ESTAT:TEN00126(1.0),19/01/22 11:00:00,A,FC_TRA_E,O4671XR5220B,KTOE,NL,2020,4920.051,
ESTAT:TEN00126(1.0),19/01/22 11:00:00,A,FC_TRA_E,O4671XR5220B,KTOE,NO,2009,2727.978,
ESTAT:TEN00126(1.0),19/01/22 11:00:00,A,FC_TRA_E,O4671XR5220B,KTOE,NO,2010,2973.160,
ESTAT:TEN00126(1.0),19/01/22 11:00:00,A,FC_TRA_E,O4671XR5220B,KTOE,NO,2011,3060.069,
ESTAT:TEN00126(1.0),19/01/22 11:00:00,A,FC_TRA_E,O4671XR5220B,KTOE,NO,2012,3155.791,
ESTAT:TEN00126(1.0),19/01/22 11:00:00,A,FC_TRA_E,O4671XR5220B,KTOE,NO,2013,3215.400,
ESTAT:TEN00126(1.0),19/01/22 11:00:00,A,FC_TRA_E,O4671XR5220B,KTOE,NO,2014,3338.524,
ESTAT:TEN00126(1.0),19/01/22 11:00:00,A,FC_TRA_E,O4671XR5220B,KTOE,NO,2015,3337.171,
ESTAT:TEN00126(1.0),19/01/22 11:00:00,A,FC_TRA_E,O4671XR5220B,KTOE,NO,2016,3252.535,
ESTAT:TEN00126(1.0),19/01/22 11:00:00,A,FC_TRA_E,O4671XR5220B,KTOE,NO,2017,3004.214,
ESTAT:TEN00126(1.0),19/01/22 11:00:00,A,FC_TRA_E,O4671XR5220B,KTOE,NO,2018,3112.770,
ESTAT:TEN00126(1.0),19/01/22 11:00:00,A,FC_TRA_E,O4671XR5220B,KTOE,NO,2019,3026.583,
ESTAT:TEN00126(1.0),19/01/22 11:00:00,A,FC_TRA_E,O4671XR5220B,KTOE,NO,2020,2945.506,
ESTAT:TEN00126(1.0),19/01/22 11:00:00,A,FC_TRA_E,O4671XR5220B,KTOE,PL,2009,8869.323,
ESTAT:TEN00126(1.0),19/01/22 11:00:00,A,FC_TRA_E,O4671XR5220B,KTOE,PL,2010,9740.121,
ESTAT:TEN00126(1.0),19/01/22 11:00:00,A,FC_TRA_E,O4671XR5220B,KTOE,PL,2011,10200.342,
ESTAT:TEN00126(1.0),19/01/22 11:00:00,A,FC_TRA_E,O4671XR5220B,KTOE,PL,2012,9715.300,
ESTAT:TEN00126(1.0),19/01/22 11:00:00,A,FC_TRA_E,O4671XR5220B,KTOE,PL,2013,8930.341,
ESTAT:TEN00126(1.0),19/01/22 11:00:00,A,FC_TRA_E,O4671XR5220B,KTOE,PL,2014,9153.728,
ESTAT:TEN00126(1.0),19/01/22 11:00:00,A,FC_TRA_E,O4671XR5220B,KTOE,PL,2015,9817.450,
ESTAT:TEN00126(1.0),19/01/22 11:00:00,A,FC_TRA_E,O4671XR5220B,KTOE,PL,2016,11653.793,
ESTAT:TEN00126(1.0),19/01/22 11:00:00,A,FC_TRA_E,O4671XR5220B,KTOE,PL,2017,13899.604,
ESTAT:TEN00126(1.0),19/01/22 11:00:00,A,FC_TRA_E,O4671XR5220B,KTOE,PL,2018,14257.465,
ESTAT:TEN00126(1.0),19/01/22 11:00:00,A,FC_TRA_E,O4671XR5220B,KTOE,PL,2019,14380.020,
ESTAT:TEN00126(1.0),19/01/22 11:00:00,A,FC_TRA_E,O4671XR5220B,KTOE,PL,2020,13965.032,
ESTAT:TEN00126(1.0),19/01/22 11:00:00,A,FC_TRA_E,O4671XR5220B,KTOE,PT,2009,4454.261,
ESTAT:TEN00126(1.0),19/01/22 11:00:00,A,FC_TRA_E,O4671XR5220B,KTOE,PT,2010,4407.017,
ESTAT:TEN00126(1.0),19/01/22 11:00:00,A,FC_TRA_E,O4671XR5220B,KTOE,PT,2011,4126.636,
ESTAT:TEN00126(1.0),19/01/22 11:00:00,A,FC_TRA_E,O4671XR5220B,KTOE,PT,2012,3792.849,
ESTAT:TEN00126(1.0),19/01/22 11:00:00,A,FC_TRA_E,O4671XR5220B,KTOE,PT,2013,3740.470,
ESTAT:TEN00126(1.0),19/01/22 11:00:00,A,FC_TRA_E,O4671XR5220B,KTOE,PT,2014,3813.390,
ESTAT:TEN00126(1.0),19/01/22 11:00:00,A,FC_TRA_E,O4671XR5220B,KTOE,PT,2015,3875.012,
ESTAT:TEN00126(1.0),19/01/22 11:00:00,A,FC_TRA_E,O4671XR5220B,KTOE,PT,2016,4041.392,
ESTAT:TEN00126(1.0),19/01/22 11:00:00,A,FC_TRA_E,O4671XR5220B,KTOE,PT,2017,4140.631,
ESTAT:TEN00126(1.0),19/01/22 11:00:00,A,FC_TRA_E,O4671XR5220B,KTOE,PT,2018,4177.960,
ESTAT:TEN00126(1.0),19/01/22 11:00:00,A,FC_TRA_E,O4671XR5220B,KTOE,PT,2019,4276.587,
ESTAT:TEN00126(1.0),19/01/22 11:00:00,A,FC_TRA_E,O4671XR5220B,KTOE,PT,2020,3634.342,
ESTAT:TEN00126(1.0),19/01/22 11:00:00,A,FC_TRA_E,O4671XR5220B,KTOE,RO,2009,3273.168,
ESTAT:TEN00126(1.0),19/01/22 11:00:00,A,FC_TRA_E,O4671XR5220B,KTOE,RO,2010,3179.708,
ESTAT:TEN00126(1.0),19/01/22 11:00:00,A,FC_TRA_E,O4671XR5220B,KTOE,RO,2011,3374.845,
ESTAT:TEN00126(1.0),19/01/22 11:00:00,A,FC_TRA_E,O4671XR5220B,KTOE,RO,2012,3582.873,
ESTAT:TEN00126(1.0),19/01/22 11:00:00,A,FC_TRA_E,O4671XR5220B,KTOE,RO,2013,3519.020,
ESTAT:TEN00126(1.0),19/01/22 11:00:00,A,FC_TRA_E,O4671XR5220B,KTOE,RO,2014,3567.670,
ESTAT:TEN00126(1.0),19/01/22 11:00:00,A,FC_TRA_E,O4671XR5220B,KTOE,RO,2015,3676.119,
ESTAT:TEN00126(1.0),19/01/22 11:00:00,A,FC_TRA_E,O4671XR5220B,KTOE,RO,2016,3960.924,
ESTAT:TEN00126(1.0),19/01/22 11:00:00,A,FC_TRA_E,O4671XR5220B,KTOE,RO,2017,4285.444,
ESTAT:TEN00126(1.0),19/01/22 11:00:00,A,FC_TRA_E,O4671XR5220B,KTOE,RO,2018,4446.030,
ESTAT:TEN00126(1.0),19/01/22 11:00:00,A,FC_TRA_E,O4671XR5220B,KTOE,RO,2019,4582.644,
ESTAT:TEN00126(1.0),19/01/22 11:00:00,A,FC_TRA_E,O4671XR5220B,KTOE,RO,2020,4522.440,
ESTAT:TEN00126(1.0),19/01/22 11:00:00,A,FC_TRA_E,O4671XR5220B,KTOE,RS,2009,1268.388,
ESTAT:TEN00126(1.0),19/01/22 11:00:00,A,FC_TRA_E,O4671XR5220B,KTOE,RS,2010,1370.192,
ESTAT:TEN00126(1.0),19/01/22 11:00:00,A,FC_TRA_E,O4671XR5220B,KTOE,RS,2011,1226.071,
ESTAT:TEN00126(1.0),19/01/22 11:00:00,A,FC_TRA_E,O4671XR5220B,KTOE,RS,2012,1034.954,
ESTAT:TEN00126(1.0),19/01/22 11:00:00,A,FC_TRA_E,O4671XR5220B,KTOE,RS,2013,1268.890,
ESTAT:TEN00126(1.0),19/01/22 11:00:00,A,FC_TRA_E,O4671XR5220B,KTOE,RS,2014,1351.394,
ESTAT:TEN00126(1.0),19/01/22 11:00:00,A,FC_TRA_E,O4671XR5220B,KTOE,RS,2015,1333.624,
ESTAT:TEN00126(1.0),19/01/22 11:00:00,A,FC_TRA_E,O4671XR5220B,KTOE,RS,2016,1383.775,
ESTAT:TEN00126(1.0),19/01/22 11:00:00,A,FC_TRA_E,O4671XR5220B,KTOE,RS,2017,1494.959,
ESTAT:TEN00126(1.0),19/01/22 11:00:00,A,FC_TRA_E,O4671XR5220B,KTOE,RS,2018,1562.994,
ESTAT:TEN00126(1.0),19/01/22 11:00:00,A,FC_TRA_E,O4671XR5220B,KTOE,RS,2019,1703.229,
ESTAT:TEN00126(1.0),19/01/22 11:00:00,A,FC_TRA_E,O4671XR5220B,KTOE,RS,2020,1647.556,
ESTAT:TEN00126(1.0),19/01/22 11:00:00,A,FC_TRA_E,O4671XR5220B,KTOE,SE,2009,3085.108,
ESTAT:TEN00126(1.0),19/01/22 11:00:00,A,FC_TRA_E,O4671XR5220B,KTOE,SE,2010,3408.117,
ESTAT:TEN00126(1.0),19/01/22 11:00:00,A,FC_TRA_E,O4671XR5220B,KTOE,SE,2011,3515.675,
ESTAT:TEN00126(1.0),19/01/22 11:00:00,A,FC_TRA_E,O4671XR5220B,KTOE,SE,2012,3429.522,
ESTAT:TEN00126(1.0),19/01/22 11:00:00,A,FC_TRA_E,O4671XR5220B,KTOE,SE,2013,3404.515,
ESTAT:TEN00126(1.0),19/01/22 11:00:00,A,FC_TRA_E,O4671XR5220B,KTOE,SE,2014,3353.218,
ESTAT:TEN00126(1.0),19/01/22 11:00:00,A,FC_TRA_E,O4671XR5220B,KTOE,SE,2015,3491.304,
ESTAT:TEN00126(1.0),19/01/22 11:00:00,A,FC_TRA_E,O4671XR5220B,KTOE,SE,2016,3308.936,
ESTAT:TEN00126(1.0),19/01/22 11:00:00,A,FC_TRA_E,O4671XR5220B,KTOE,SE,2017,3278.213,
ESTAT:TEN00126(1.0),19/01/22 11:00:00,A,FC_TRA_E,O4671XR5220B,KTOE,SE,2018,3098.409,
ESTAT:TEN00126(1.0),19/01/22 11:00:00,A,FC_TRA_E,O4671XR5220B,KTOE,SE,2019,3155.470,
ESTAT:TEN00126(1.0),19/01/22 11:00:00,A,FC_TRA_E,O4671XR5220B,KTOE,SE,2020,3023.193,
ESTAT:TEN00126(1.0),19/01/22 11:00:00,A,FC_TRA_E,O4671XR5220B,KTOE,SI,2009,1055.130,
ESTAT:TEN00126(1.0),19/01/22 11:00:00,A,FC_TRA_E,O4671XR5220B,KTOE,SI,2010,1111.092,
ESTAT:TEN00126(1.0),19/01/22 11:00:00,A,FC_TRA_E,O4671XR5220B,KTOE,SI,2011,1241.330,
ESTAT:TEN00126(1.0),19/01/22 11:00:00,A,FC_TRA_E,O4671XR5220B,KTOE,SI,2012,1297.291,
ESTAT:TEN00126(1.0),19/01/22 11:00:00,A,FC_TRA_E,O4671XR5220B,KTOE,SI,2013,1243.394,
ESTAT:TEN00126(1.0),19/01/22 11:00:00,A,FC_TRA_E,O4671XR5220B,KTOE,SI,2014,1276.882,
ESTAT:TEN00126(1.0),19/01/22 11:00:00,A,FC_TRA_E,O4671XR5220B,KTOE,SI,2015,1275.894,
ESTAT:TEN00126(1.0),19/01/22 11:00:00,A,FC_TRA_E,O4671XR5220B,KTOE,SI,2016,1396.972,
ESTAT:TEN00126(1.0),19/01/22 11:00:00,A,FC_TRA_E,O4671XR5220B,KTOE,SI,2017,1447.308,
ESTAT:TEN00126(1.0),19/01/22 11:00:00,A,FC_TRA_E,O4671XR5220B,KTOE,SI,2018,1436.302,
ESTAT:TEN00126(1.0),19/01/22 11:00:00,A,FC_TRA_E,O4671XR5220B,KTOE,SI,2019,1384.737,
ESTAT:TEN00126(1.0),19/01/22 11:00:00,A,FC_TRA_E,O4671XR5220B,KTOE,SI,2020,1136.913,
ESTAT:TEN00126(1.0),19/01/22 11:00:00,A,FC_TRA_E,O4671XR5220B,KTOE,SK,2009,1159.525,
ESTAT:TEN00126(1.0),19/01/22 11:00:00,A,FC_TRA_E,O4671XR5220B,KTOE,SK,2010,1453.258,
ESTAT:TEN00126(1.0),19/01/22 11:00:00,A,FC_TRA_E,O4671XR5220B,KTOE,SK,2011,1414.230,
ESTAT:TEN00126(1.0),19/01/22 11:00:00,A,FC_TRA_E,O4671XR5220B,KTOE,SK,2012,1370.877,
ESTAT:TEN00126(1.0),19/01/22 11:00:00,A,FC_TRA_E,O4671XR5220B,KTOE,SK,2013,1353.216,
ESTAT:TEN00126(1.0),19/01/22 11:00:00,A,FC_TRA_E,O4671XR5220B,KTOE,SK,2014,1316.539,
ESTAT:TEN00126(1.0),19/01/22 11:00:00,A,FC_TRA_E,O4671XR5220B,KTOE,SK,2015,1266.698,
ESTAT:TEN00126(1.0),19/01/22 11:00:00,A,FC_TRA_E,O4671XR5220B,KTOE,SK,2016,1445.684,
ESTAT:TEN00126(1.0),19/01/22 11:00:00,A,FC_TRA_E,O4671XR5220B,KTOE,SK,2017,1778.937,
ESTAT:TEN00126(1.0),19/01/22 11:00:00,A,FC_TRA_E,O4671XR5220B,KTOE,SK,2018,1804.455,
ESTAT:TEN00126(1.0),19/01/22 11:00:00,A,FC_TRA_E,O4671XR5220B,KTOE,SK,2019,1818.537,
ESTAT:TEN00126(1.0),19/01/22 11:00:00,A,FC_TRA_E,O4671XR5220B,KTOE,SK,2020,1668.643,
ESTAT:TEN00126(1.0),19/01/22 11:00:00,A,FC_TRA_E,O4671XR5220B,KTOE,TR,2009,8886.954,
ESTAT:TEN00126(1.0),19/01/22 11:00:00,A,FC_TRA_E,O4671XR5220B,KTOE,TR,2010,9259.769,
ESTAT:TEN00126(1.0),19/01/22 11:00:00,A,FC_TRA_E,O4671XR5220B,KTOE,TR,2011,9623.340,
ESTAT:TEN00126(1.0),19/01/22 11:00:00,A,FC_TRA_E,O4671XR5220B,KTOE,TR,2012,12055.990,
ESTAT:TEN00126(1.0),19/01/22 11:00:00,A,FC_TRA_E,O4671XR5220B,KTOE,TR,2013,13205.413,
ESTAT:TEN00126(1.0),19/01/22 11:00:00,A,FC_TRA_E,O4671XR5220B,KTOE,TR,2014,13904.885,
ESTAT:TEN00126(1.0),19/01/22 11:00:00,A,FC_TRA_E,O4671XR5220B,KTOE,TR,2015,16911.865,
ESTAT:TEN00126(1.0),19/01/22 11:00:00,A,FC_TRA_E,O4671XR5220B,KTOE,TR,2016,19040.950,
ESTAT:TEN00126(1.0),19/01/22 11:00:00,A,FC_TRA_E,O4671XR5220B,KTOE,TR,2017,20406.639,
ESTAT:TEN00126(1.0),19/01/22 11:00:00,A,FC_TRA_E,O4671XR5220B,KTOE,TR,2018,20465.821,
ESTAT:TEN00126(1.0),19/01/22 11:00:00,A,FC_TRA_E,O4671XR5220B,KTOE,TR,2019,20300.420,
ESTAT:TEN00126(1.0),19/01/22 11:00:00,A,FC_TRA_E,O4671XR5220B,KTOE,TR,2020,19664.228,
ESTAT:TEN00126(1.0),19/01/22 11:00:00,A,FC_TRA_E,O4671XR5220B,KTOE,UA,2009,2942.562,
ESTAT:TEN00126(1.0),19/01/22 11:00:00,A,FC_TRA_E,O4671XR5220B,KTOE,UA,2010,3216.265,
ESTAT:TEN00126(1.0),19/01/22 11:00:00,A,FC_TRA_E,O4671XR5220B,KTOE,UA,2011,3331.542,
ESTAT:TEN00126(1.0),19/01/22 11:00:00,A,FC_TRA_E,O4671XR5220B,KTOE,UA,2012,3629.540,
ESTAT:TEN00126(1.0),19/01/22 11:00:00,A,FC_TRA_E,O4671XR5220B,KTOE,UA,2013,3692.916,
ESTAT:TEN00126(1.0),19/01/22 11:00:00,A,FC_TRA_E,O4671XR5220B,KTOE,UA,2014,3124.582,
ESTAT:TEN00126(1.0),19/01/22 11:00:00,A,FC_TRA_E,O4671XR5220B,KTOE,UA,2015,3148.772,
ESTAT:TEN00126(1.0),19/01/22 11:00:00,A,FC_TRA_E,O4671XR5220B,KTOE,UA,2016,3489.453,
ESTAT:TEN00126(1.0),19/01/22 11:00:00,A,FC_TRA_E,O4671XR5220B,KTOE,UA,2017,3616.452,
ESTAT:TEN00126(1.0),19/01/22 11:00:00,A,FC_TRA_E,O4671XR5220B,KTOE,UA,2018,3764.617,
ESTAT:TEN00126(1.0),19/01/22 11:00:00,A,FC_TRA_E,O4671XR5220B,KTOE,UA,2019,4010.250,
ESTAT:TEN00126(1.0),19/01/22 11:00:00,A,FC_TRA_E,O4671XR5220B,KTOE,UA,2020,3598.007,
ESTAT:TEN00126(1.0),19/01/22 11:00:00,A,FC_TRA_E,O4671XR5220B,KTOE,UK,2009,22070.006,
ESTAT:TEN00126(1.0),19/01/22 11:00:00,A,FC_TRA_E,O4671XR5220B,KTOE,UK,2010,22392.356,
ESTAT:TEN00126(1.0),19/01/22 11:00:00,A,FC_TRA_E,O4671XR5220B,KTOE,UK,2011,22666.103,
ESTAT:TEN00126(1.0),19/01/22 11:00:00,A,FC_TRA_E,O4671XR5220B,KTOE,UK,2012,23390.956,
ESTAT:TEN00126(1.0),19/01/22 11:00:00,A,FC_TRA_E,O4671XR5220B,KTOE,UK,2013,23687.552,
ESTAT:TEN00126(1.0),19/01/22 11:00:00,A,FC_TRA_E,O4671XR5220B,KTOE,UK,2014,24436.704,
ESTAT:TEN00126(1.0),19/01/22 11:00:00,A,FC_TRA_E,O4671XR5220B,KTOE,UK,2015,25709.742,
ESTAT:TEN00126(1.0),19/01/22 11:00:00,A,FC_TRA_E,O4671XR5220B,KTOE,UK,2016,26758.985,
ESTAT:TEN00126(1.0),19/01/22 11:00:00,A,FC_TRA_E,O4671XR5220B,KTOE,UK,2017,27007.618,
ESTAT:TEN00126(1.0),19/01/22 11:00:00,A,FC_TRA_E,O4671XR5220B,KTOE,UK,2018,26716.819,
ESTAT:TEN00126(1.0),19/01/22 11:00:00,A,FC_TRA_E,O4671XR5220B,KTOE,UK,2019,25861.423,
ESTAT:TEN00126(1.0),19/01/22 11:00:00,A,FC_TRA_E,O4671XR5220B,KTOE,XK,2009,241.354,
ESTAT:TEN00126(1.0),19/01/22 11:00:00,A,FC_TRA_E,O4671XR5220B,KTOE,XK,2010,231.083,
ESTAT:TEN00126(1.0),19/01/22 11:00:00,A,FC_TRA_E,O4671XR5220B,KTOE,XK,2011,245.462,
ESTAT:TEN00126(1.0),19/01/22 11:00:00,A,FC_TRA_E,O4671XR5220B,KTOE,XK,2012,253.678,
ESTAT:TEN00126(1.0),19/01/22 11:00:00,A,FC_TRA_E,O4671XR5220B,KTOE,XK,2013,198.082,
ESTAT:TEN00126(1.0),19/01/22 11:00:00,A,FC_TRA_E,O4671XR5220B,KTOE,XK,2014,269.514,
ESTAT:TEN00126(1.0),19/01/22 11:00:00,A,FC_TRA_E,O4671XR5220B,KTOE,XK,2015,303.721,
ESTAT:TEN00126(1.0),19/01/22 11:00:00,A,FC_TRA_E,O4671XR5220B,KTOE,XK,2016,317.197,
ESTAT:TEN00126(1.0),19/01/22 11:00:00,A,FC_TRA_E,O4671XR5220B,KTOE,XK,2017,336.006,
ESTAT:TEN00126(1.0),19/01/22 11:00:00,A,FC_TRA_E,O4671XR5220B,KTOE,XK,2018,360.369,
ESTAT:TEN00126(1.0),19/01/22 11:00:00,A,FC_TRA_E,O4671XR5220B,KTOE,XK,2019,359.611,
ESTAT:TEN00126(1.0),19/01/22 11:00:00,A,FC_TRA_E,O4671XR5220B,KTOE,XK,2020,360.136,
ESTAT:TEN00126(1.0),19/01/22 11:00:00,A,FC_TRA_E,O4680,KTOE,AL,2009,0.000,
ESTAT:TEN00126(1.0),19/01/22 11:00:00,A,FC_TRA_E,O4680,KTOE,AL,2010,0.000,
ESTAT:TEN00126(1.0),19/01/22 11:00:00,A,FC_TRA_E,O4680,KTOE,AL,2011,0.000,
ESTAT:TEN00126(1.0),19/01/22 11:00:00,A,FC_TRA_E,O4680,KTOE,AL,2012,0.000,
ESTAT:TEN00126(1.0),19/01/22 11:00:00,A,FC_TRA_E,O4680,KTOE,AL,2013,0.000,
ESTAT:TEN00126(1.0),19/01/22 11:00:00,A,FC_TRA_E,O4680,KTOE,AL,2014,0.000,
ESTAT:TEN00126(1.0),19/01/22 11:00:00,A,FC_TRA_E,O4680,KTOE,AL,2015,0.000,
ESTAT:TEN00126(1.0),19/01/22 11:00:00,A,FC_TRA_E,O4680,KTOE,AL,2016,0.000,
ESTAT:TEN00126(1.0),19/01/22 11:00:00,A,FC_TRA_E,O4680,KTOE,AL,2017,0.000,
ESTAT:TEN00126(1.0),19/01/22 11:00:00,A,FC_TRA_E,O4680,KTOE,AL,2018,0.000,
ESTAT:TEN00126(1.0),19/01/22 11:00:00,A,FC_TRA_E,O4680,KTOE,AL,2019,0.000,
ESTAT:TEN00126(1.0),19/01/22 11:00:00,A,FC_TRA_E,O4680,KTOE,AL,2020,0.000,
ESTAT:TEN00126(1.0),19/01/22 11:00:00,A,FC_TRA_E,O4680,KTOE,AT,2009,0.000,
ESTAT:TEN00126(1.0),19/01/22 11:00:00,A,FC_TRA_E,O4680,KTOE,AT,2010,0.000,
ESTAT:TEN00126(1.0),19/01/22 11:00:00,A,FC_TRA_E,O4680,KTOE,AT,2011,0.000,
ESTAT:TEN00126(1.0),19/01/22 11:00:00,A,FC_TRA_E,O4680,KTOE,AT,2012,0.000,
ESTAT:TEN00126(1.0),19/01/22 11:00:00,A,FC_TRA_E,O4680,KTOE,AT,2013,0.000,
ESTAT:TEN00126(1.0),19/01/22 11:00:00,A,FC_TRA_E,O4680,KTOE,AT,2014,0.000,
ESTAT:TEN00126(1.0),19/01/22 11:00:00,A,FC_TRA_E,O4680,KTOE,AT,2015,0.000,
ESTAT:TEN00126(1.0),19/01/22 11:00:00,A,FC_TRA_E,O4680,KTOE,AT,2016,0.000,
ESTAT:TEN00126(1.0),19/01/22 11:00:00,A,FC_TRA_E,O4680,KTOE,AT,2017,0.000,
ESTAT:TEN00126(1.0),19/01/22 11:00:00,A,FC_TRA_E,O4680,KTOE,AT,2018,0.000,
ESTAT:TEN00126(1.0),19/01/22 11:00:00,A,FC_TRA_E,O4680,KTOE,AT,2019,0.000,
ESTAT:TEN00126(1.0),19/01/22 11:00:00,A,FC_TRA_E,O4680,KTOE,AT,2020,0.000,
ESTAT:TEN00126(1.0),19/01/22 11:00:00,A,FC_TRA_E,O4680,KTOE,BA,2014,0.000,
ESTAT:TEN00126(1.0),19/01/22 11:00:00,A,FC_TRA_E,O4680,KTOE,BA,2015,0.000,
ESTAT:TEN00126(1.0),19/01/22 11:00:00,A,FC_TRA_E,O4680,KTOE,BA,2016,0.000,
ESTAT:TEN00126(1.0),19/01/22 11:00:00,A,FC_TRA_E,O4680,KTOE,BA,2017,0.000,
ESTAT:TEN00126(1.0),19/01/22 11:00:00,A,FC_TRA_E,O4680,KTOE,BA,2018,0.000,
ESTAT:TEN00126(1.0),19/01/22 11:00:00,A,FC_TRA_E,O4680,KTOE,BA,2019,0.000,
ESTAT:TEN00126(1.0),19/01/22 11:00:00,A,FC_TRA_E,O4680,KTOE,BE,2009,3.822,
ESTAT:TEN00126(1.0),19/01/22 11:00:00,A,FC_TRA_E,O4680,KTOE,BE,2010,1.911,
ESTAT:TEN00126(1.0),19/01/22 11:00:00,A,FC_TRA_E,O4680,KTOE,BE,2011,0.955,
ESTAT:TEN00126(1.0),19/01/22 11:00:00,A,FC_TRA_E,O4680,KTOE,BE,2012,0.955,
ESTAT:TEN00126(1.0),19/01/22 11:00:00,A,FC_TRA_E,O4680,KTOE,BE,2013,0.955,
ESTAT:TEN00126(1.0),19/01/22 11:00:00,A,FC_TRA_E,O4680,KTOE,BE,2014,0.955,
ESTAT:TEN00126(1.0),19/01/22 11:00:00,A,FC_TRA_E,O4680,KTOE,BE,2015,0.955,
ESTAT:TEN00126(1.0),19/01/22 11:00:00,A,FC_TRA_E,O4680,KTOE,BE,2016,0.955,
ESTAT:TEN00126(1.0),19/01/22 11:00:00,A,FC_TRA_E,O4680,KTOE,BE,2017,1.242,
ESTAT:TEN00126(1.0),19/01/22 11:00:00,A,FC_TRA_E,O4680,KTOE,BE,2018,0.764,
ESTAT:TEN00126(1.0),19/01/22 11:00:00,A,FC_TRA_E,O4680,KTOE,BE,2019,0.669,
ESTAT:TEN00126(1.0),19/01/22 11:00:00,A,FC_TRA_E,O4680,KTOE,BE,2020,0.579,
ESTAT:TEN00126(1.0),19/01/22 11:00:00,A,FC_TRA_E,O4680,KTOE,BG,2009,0.000,
ESTAT:TEN00126(1.0),19/01/22 11:00:00,A,FC_TRA_E,O4680,KTOE,BG,2010,0.000,
ESTAT:TEN00126(1.0),19/01/22 11:00:00,A,FC_TRA_E,O4680,KTOE,BG,2011,0.000,
ESTAT:TEN00126(1.0),19/01/22 11:00:00,A,FC_TRA_E,O4680,KTOE,BG,2012,0.000,
ESTAT:TEN00126(1.0),19/01/22 11:00:00,A,FC_TRA_E,O4680,KTOE,BG,2013,0.000,
ESTAT:TEN00126(1.0),19/01/22 11:00:00,A,FC_TRA_E,O4680,KTOE,BG,2014,0.000,
ESTAT:TEN00126(1.0),19/01/22 11:00:00,A,FC_TRA_E,O4680,KTOE,BG,2015,0.000,
ESTAT:TEN00126(1.0),19/01/22 11:00:00,A,FC_TRA_E,O4680,KTOE,BG,2016,0.000,
ESTAT:TEN00126(1.0),19/01/22 11:00:00,A,FC_TRA_E,O4680,KTOE,BG,2017,0.000,
ESTAT:TEN00126(1.0),19/01/22 11:00:00,A,FC_TRA_E,O4680,KTOE,BG,2018,0.000,
ESTAT:TEN00126(1.0),19/01/22 11:00:00,A,FC_TRA_E,O4680,KTOE,BG,2019,0.000,
ESTAT:TEN00126(1.0),19/01/22 11:00:00,A,FC_TRA_E,O4680,KTOE,BG,2020,0.000,
ESTAT:TEN00126(1.0),19/01/22 11:00:00,A,FC_TRA_E,O4680,KTOE,CY,2009,0.000,
ESTAT:TEN00126(1.0),19/01/22 11:00:00,A,FC_TRA_E,O4680,KTOE,CY,2010,0.000,
ESTAT:TEN00126(1.0),19/01/22 11:00:00,A,FC_TRA_E,O4680,KTOE,CY,2011,0.000,
ESTAT:TEN00126(1.0),19/01/22 11:00:00,A,FC_TRA_E,O4680,KTOE,CY,2012,0.000,
ESTAT:TEN00126(1.0),19/01/22 11:00:00,A,FC_TRA_E,O4680,KTOE,CY,2013,0.000,
ESTAT:TEN00126(1.0),19/01/22 11:00:00,A,FC_TRA_E,O4680,KTOE,CY,2014,0.000,
ESTAT:TEN00126(1.0),19/01/22 11:00:00,A,FC_TRA_E,O4680,KTOE,CY,2015,0.000,
ESTAT:TEN00126(1.0),19/01/22 11:00:00,A,FC_TRA_E,O4680,KTOE,CY,2016,0.000,
ESTAT:TEN00126(1.0),19/01/22 11:00:00,A,FC_TRA_E,O4680,KTOE,CY,2017,0.000,
ESTAT:TEN00126(1.0),19/01/22 11:00:00,A,FC_TRA_E,O4680,KTOE,CY,2018,0.000,
ESTAT:TEN00126(1.0),19/01/22 11:00:00,A,FC_TRA_E,O4680,KTOE,CY,2019,0.000,
ESTAT:TEN00126(1.0),19/01/22 11:00:00,A,FC_TRA_E,O4680,KTOE,CY,2020,0.000,
ESTAT:TEN00126(1.0),19/01/22 11:00:00,A,FC_TRA_E,O4680,KTOE,CZ,2009,0.000,
ESTAT:TEN00126(1.0),19/01/22 11:00:00,A,FC_TRA_E,O4680,KTOE,CZ,2010,0.000,
ESTAT:TEN00126(1.0),19/01/22 11:00:00,A,FC_TRA_E,O4680,KTOE,CZ,2011,0.000,
ESTAT:TEN00126(1.0),19/01/22 11:00:00,A,FC_TRA_E,O4680,KTOE,CZ,2012,0.000,
ESTAT:TEN00126(1.0),19/01/22 11:00:00,A,FC_TRA_E,O4680,KTOE,CZ,2013,0.000,
ESTAT:TEN00126(1.0),19/01/22 11:00:00,A,FC_TRA_E,O4680,KTOE,CZ,2014,0.000,
ESTAT:TEN00126(1.0),19/01/22 11:00:00,A,FC_TRA_E,O4680,KTOE,CZ,2015,0.000,
ESTAT:TEN00126(1.0),19/01/22 11:00:00,A,FC_TRA_E,O4680,KTOE,CZ,2016,0.000,
ESTAT:TEN00126(1.0),19/01/22 11:00:00,A,FC_TRA_E,O4680,KTOE,CZ,2017,0.000,
ESTAT:TEN00126(1.0),19/01/22 11:00:00,A,FC_TRA_E,O4680,KTOE,CZ,2018,0.000,
ESTAT:TEN00126(1.0),19/01/22 11:00:00,A,FC_TRA_E,O4680,KTOE,CZ,2019,0.000,
ESTAT:TEN00126(1.0),19/01/22 11:00:00,A,FC_TRA_E,O4680,KTOE,CZ,2020,0.000,
ESTAT:TEN00126(1.0),19/01/22 11:00:00,A,FC_TRA_E,O4680,KTOE,DE,2009,0.000,
ESTAT:TEN00126(1.0),19/01/22 11:00:00,A,FC_TRA_E,O4680,KTOE,DE,2010,0.000,
ESTAT:TEN00126(1.0),19/01/22 11:00:00,A,FC_TRA_E,O4680,KTOE,DE,2011,0.000,
ESTAT:TEN00126(1.0),19/01/22 11:00:00,A,FC_TRA_E,O4680,KTOE,DE,2012,0.000,
ESTAT:TEN00126(1.0),19/01/22 11:00:00,A,FC_TRA_E,O4680,KTOE,DE,2013,0.000,
ESTAT:TEN00126(1.0),19/01/22 11:00:00,A,FC_TRA_E,O4680,KTOE,DE,2014,0.000,
ESTAT:TEN00126(1.0),19/01/22 11:00:00,A,FC_TRA_E,O4680,KTOE,DE,2015,0.000,
ESTAT:TEN00126(1.0),19/01/22 11:00:00,A,FC_TRA_E,O4680,KTOE,DE,2016,0.000,
ESTAT:TEN00126(1.0),19/01/22 11:00:00,A,FC_TRA_E,O4680,KTOE,DE,2017,0.000,
ESTAT:TEN00126(1.0),19/01/22 11:00:00,A,FC_TRA_E,O4680,KTOE,DE,2018,0.000,
ESTAT:TEN00126(1.0),19/01/22 11:00:00,A,FC_TRA_E,O4680,KTOE,DE,2019,0.000,
ESTAT:TEN00126(1.0),19/01/22 11:00:00,A,FC_TRA_E,O4680,KTOE,DE,2020,0.000,
ESTAT:TEN00126(1.0),19/01/22 11:00:00,A,FC_TRA_E,O4680,KTOE,DK,2009,25.244,
ESTAT:TEN00126(1.0),19/01/22 11:00:00,A,FC_TRA_E,O4680,KTOE,DK,2010,20.389,
ESTAT:TEN00126(1.0),19/01/22 11:00:00,A,FC_TRA_E,O4680,KTOE,DK,2011,17.476,
ESTAT:TEN00126(1.0),19/01/22 11:00:00,A,FC_TRA_E,O4680,KTOE,DK,2012,14.564,
ESTAT:TEN00126(1.0),19/01/22 11:00:00,A,FC_TRA_E,O4680,KTOE,DK,2013,18.447,
ESTAT:TEN00126(1.0),19/01/22 11:00:00,A,FC_TRA_E,O4680,KTOE,DK,2014,12.622,
ESTAT:TEN00126(1.0),19/01/22 11:00:00,A,FC_TRA_E,O4680,KTOE,DK,2015,0.936,
ESTAT:TEN00126(1.0),19/01/22 11:00:00,A,FC_TRA_E,O4680,KTOE,DK,2016,0.056,
ESTAT:TEN00126(1.0),19/01/22 11:00:00,A,FC_TRA_E,O4680,KTOE,DK,2017,0.000,
ESTAT:TEN00126(1.0),19/01/22 11:00:00,A,FC_TRA_E,O4680,KTOE,DK,2018,0.109,
ESTAT:TEN00126(1.0),19/01/22 11:00:00,A,FC_TRA_E,O4680,KTOE,DK,2019,4.878,
ESTAT:TEN00126(1.0),19/01/22 11:00:00,A,FC_TRA_E,O4680,KTOE,DK,2020,10.280,
ESTAT:TEN00126(1.0),19/01/22 11:00:00,A,FC_TRA_E,O4680,KTOE,EA19,2009,1659.436,
ESTAT:TEN00126(1.0),19/01/22 11:00:00,A,FC_TRA_E,O4680,KTOE,EA19,2010,1291.047,
ESTAT:TEN00126(1.0),19/01/22 11:00:00,A,FC_TRA_E,O4680,KTOE,EA19,2011,1019.960,
ESTAT:TEN00126(1.0),19/01/22 11:00:00,A,FC_TRA_E,O4680,KTOE,EA19,2012,914.359,
ESTAT:TEN00126(1.0),19/01/22 11:00:00,A,FC_TRA_E,O4680,KTOE,EA19,2013,816.777,
ESTAT:TEN00126(1.0),19/01/22 11:00:00,A,FC_TRA_E,O4680,KTOE,EA19,2014,784.215,
ESTAT:TEN00126(1.0),19/01/22 11:00:00,A,FC_TRA_E,O4680,KTOE,EA19,2015,889.945,
ESTAT:TEN00126(1.0),19/01/22 11:00:00,A,FC_TRA_E,O4680,KTOE,EA19,2016,1082.544,
ESTAT:TEN00126(1.0),19/01/22 11:00:00,A,FC_TRA_E,O4680,KTOE,EA19,2017,1277.770,
ESTAT:TEN00126(1.0),19/01/22 11:00:00,A,FC_TRA_E,O4680,KTOE,EA19,2018,1264.831,
ESTAT:TEN00126(1.0),19/01/22 11:00:00,A,FC_TRA_E,O4680,KTOE,EA19,2019,1351.807,
ESTAT:TEN00126(1.0),19/01/22 11:00:00,A,FC_TRA_E,O4680,KTOE,EA19,2020,1059.521,
ESTAT:TEN00126(1.0),19/01/22 11:00:00,A,FC_TRA_E,O4680,KTOE,EE,2009,0.000,
ESTAT:TEN00126(1.0),19/01/22 11:00:00,A,FC_TRA_E,O4680,KTOE,EE,2010,0.000,
ESTAT:TEN00126(1.0),19/01/22 11:00:00,A,FC_TRA_E,O4680,KTOE,EE,2011,0.000,
ESTAT:TEN00126(1.0),19/01/22 11:00:00,A,FC_TRA_E,O4680,KTOE,EE,2012,0.000,
ESTAT:TEN00126(1.0),19/01/22 11:00:00,A,FC_TRA_E,O4680,KTOE,EE,2013,0.000,
ESTAT:TEN00126(1.0),19/01/22 11:00:00,A,FC_TRA_E,O4680,KTOE,EE,2014,0.000,
ESTAT:TEN00126(1.0),19/01/22 11:00:00,A,FC_TRA_E,O4680,KTOE,EE,2015,0.000,
ESTAT:TEN00126(1.0),19/01/22 11:00:00,A,FC_TRA_E,O4680,KTOE,EE,2016,0.000,
ESTAT:TEN00126(1.0),19/01/22 11:00:00,A,FC_TRA_E,O4680,KTOE,EE,2017,0.000,
ESTAT:TEN00126(1.0),19/01/22 11:00:00,A,FC_TRA_E,O4680,KTOE,EE,2018,0.000,
ESTAT:TEN00126(1.0),19/01/22 11:00:00,A,FC_TRA_E,O4680,KTOE,EE,2019,0.000,
ESTAT:TEN00126(1.0),19/01/22 11:00:00,A,FC_TRA_E,O4680,KTOE,EE,2020,0.000,
ESTAT:TEN00126(1.0),19/01/22 11:00:00,A,FC_TRA_E,O4680,KTOE,EL,2009,601.892,
ESTAT:TEN00126(1.0),19/01/22 11:00:00,A,FC_TRA_E,O4680,KTOE,EL,2010,441.387,
ESTAT:TEN00126(1.0),19/01/22 11:00:00,A,FC_TRA_E,O4680,KTOE,EL,2011,254.132,
ESTAT:TEN00126(1.0),19/01/22 11:00:00,A,FC_TRA_E,O4680,KTOE,EL,2012,325.786,
ESTAT:TEN00126(1.0),19/01/22 11:00:00,A,FC_TRA_E,O4680,KTOE,EL,2013,249.355,
ESTAT:TEN00126(1.0),19/01/22 11:00:00,A,FC_TRA_E,O4680,KTOE,EL,2014,257.954,
ESTAT:TEN00126(1.0),19/01/22 11:00:00,A,FC_TRA_E,O4680,KTOE,EL,2015,311.455,
ESTAT:TEN00126(1.0),19/01/22 11:00:00,A,FC_TRA_E,O4680,KTOE,EL,2016,306.678,
ESTAT:TEN00126(1.0),19/01/22 11:00:00,A,FC_TRA_E,O4680,KTOE,EL,2017,313.598,
ESTAT:TEN00126(1.0),19/01/22 11:00:00,A,FC_TRA_E,O4680,KTOE,EL,2018,340.824,
ESTAT:TEN00126(1.0),19/01/22 11:00:00,A,FC_TRA_E,O4680,KTOE,EL,2019,343.032,
ESTAT:TEN00126(1.0),19/01/22 11:00:00,A,FC_TRA_E,O4680,KTOE,EL,2020,291.841,
ESTAT:TEN00126(1.0),19/01/22 11:00:00,A,FC_TRA_E,O4680,KTOE,ES,2009,177.548,
ESTAT:TEN00126(1.0),19/01/22 11:00:00,A,FC_TRA_E,O4680,KTOE,ES,2010,125.442,
ESTAT:TEN00126(1.0),19/01/22 11:00:00,A,FC_TRA_E,O4680,KTOE,ES,2011,141.846,
ESTAT:TEN00126(1.0),19/01/22 11:00:00,A,FC_TRA_E,O4680,KTOE,ES,2012,104.213,
ESTAT:TEN00126(1.0),19/01/22 11:00:00,A,FC_TRA_E,O4680,KTOE,ES,2013,123.512,
ESTAT:TEN00126(1.0),19/01/22 11:00:00,A,FC_TRA_E,O4680,KTOE,ES,2014,83.950,
ESTAT:TEN00126(1.0),19/01/22 11:00:00,A,FC_TRA_E,O4680,KTOE,ES,2015,107.108,
ESTAT:TEN00126(1.0),19/01/22 11:00:00,A,FC_TRA_E,O4680,KTOE,ES,2016,224.830,
ESTAT:TEN00126(1.0),19/01/22 11:00:00,A,FC_TRA_E,O4680,KTOE,ES,2017,491.153,
ESTAT:TEN00126(1.0),19/01/22 11:00:00,A,FC_TRA_E,O4680,KTOE,ES,2018,491.153,
ESTAT:TEN00126(1.0),19/01/22 11:00:00,A,FC_TRA_E,O4680,KTOE,ES,2019,564.488,
ESTAT:TEN00126(1.0),19/01/22 11:00:00,A,FC_TRA_E,O4680,KTOE,ES,2020,344.483,
ESTAT:TEN00126(1.0),19/01/22 11:00:00,A,FC_TRA_E,O4680,KTOE,EU27_2020,2009,1780.549,
ESTAT:TEN00126(1.0),19/01/22 11:00:00,A,FC_TRA_E,O4680,KTOE,EU27_2020,2010,1414.052,
ESTAT:TEN00126(1.0),19/01/22 11:00:00,A,FC_TRA_E,O4680,KTOE,EU27_2020,2011,1143.213,
ESTAT:TEN00126(1.0),19/01/22 11:00:00,A,FC_TRA_E,O4680,KTOE,EU27_2020,2012,1027.243,
ESTAT:TEN00126(1.0),19/01/22 11:00:00,A,FC_TRA_E,O4680,KTOE,EU27_2020,2013,937.050,
ESTAT:TEN00126(1.0),19/01/22 11:00:00,A,FC_TRA_E,O4680,KTOE,EU27_2020,2014,894.047,
ESTAT:TEN00126(1.0),19/01/22 11:00:00,A,FC_TRA_E,O4680,KTOE,EU27_2020,2015,944.016,
ESTAT:TEN00126(1.0),19/01/22 11:00:00,A,FC_TRA_E,O4680,KTOE,EU27_2020,2016,1139.157,
ESTAT:TEN00126(1.0),19/01/22 11:00:00,A,FC_TRA_E,O4680,KTOE,EU27_2020,2017,1336.048,
ESTAT:TEN00126(1.0),19/01/22 11:00:00,A,FC_TRA_E,O4680,KTOE,EU27_2020,2018,1361.767,
ESTAT:TEN00126(1.0),19/01/22 11:00:00,A,FC_TRA_E,O4680,KTOE,EU27_2020,2019,1437.309,
ESTAT:TEN00126(1.0),19/01/22 11:00:00,A,FC_TRA_E,O4680,KTOE,EU27_2020,2020,1134.948,
ESTAT:TEN00126(1.0),19/01/22 11:00:00,A,FC_TRA_E,O4680,KTOE,FI,2009,39.562,
ESTAT:TEN00126(1.0),19/01/22 11:00:00,A,FC_TRA_E,O4680,KTOE,FI,2010,40.527,
ESTAT:TEN00126(1.0),19/01/22 11:00:00,A,FC_TRA_E,O4680,KTOE,FI,2011,44.015,
ESTAT:TEN00126(1.0),19/01/22 11:00:00,A,FC_TRA_E,O4680,KTOE,FI,2012,39.177,
ESTAT:TEN00126(1.0),19/01/22 11:00:00,A,FC_TRA_E,O4680,KTOE,FI,2013,28.930,
ESTAT:TEN00126(1.0),19/01/22 11:00:00,A,FC_TRA_E,O4680,KTOE,FI,2014,15.430,
ESTAT:TEN00126(1.0),19/01/22 11:00:00,A,FC_TRA_E,O4680,KTOE,FI,2015,10.603,
ESTAT:TEN00126(1.0),19/01/22 11:00:00,A,FC_TRA_E,O4680,KTOE,FI,2016,9.649,
ESTAT:TEN00126(1.0),19/01/22 11:00:00,A,FC_TRA_E,O4680,KTOE,FI,2017,10.614,
ESTAT:TEN00126(1.0),19/01/22 11:00:00,A,FC_TRA_E,O4680,KTOE,FI,2018,10.614,
ESTAT:TEN00126(1.0),19/01/22 11:00:00,A,FC_TRA_E,O4680,KTOE,FI,2019,11.579,
ESTAT:TEN00126(1.0),19/01/22 11:00:00,A,FC_TRA_E,O4680,KTOE,FI,2020,5.790,
ESTAT:TEN00126(1.0),19/01/22 11:00:00,A,FC_TRA_E,O4680,KTOE,FR,2009,77.388,
ESTAT:TEN00126(1.0),19/01/22 11:00:00,A,FC_TRA_E,O4680,KTOE,FR,2010,75.477,
ESTAT:TEN00126(1.0),19/01/22 11:00:00,A,FC_TRA_E,O4680,KTOE,FR,2011,21.434,
ESTAT:TEN00126(1.0),19/01/22 11:00:00,A,FC_TRA_E,O4680,KTOE,FR,2012,21.357,
ESTAT:TEN00126(1.0),19/01/22 11:00:00,A,FC_TRA_E,O4680,KTOE,FR,2013,22.683,
ESTAT:TEN00126(1.0),19/01/22 11:00:00,A,FC_TRA_E,O4680,KTOE,FR,2014,20.400,
ESTAT:TEN00126(1.0),19/01/22 11:00:00,A,FC_TRA_E,O4680,KTOE,FR,2015,20.347,
ESTAT:TEN00126(1.0),19/01/22 11:00:00,A,FC_TRA_E,O4680,KTOE,FR,2016,13.061,
ESTAT:TEN00126(1.0),19/01/22 11:00:00,A,FC_TRA_E,O4680,KTOE,FR,2017,12.855,
ESTAT:TEN00126(1.0),19/01/22 11:00:00,A,FC_TRA_E,O4680,KTOE,FR,2018,14.354,
ESTAT:TEN00126(1.0),19/01/22 11:00:00,A,FC_TRA_E,O4680,KTOE,FR,2019,11.319,
ESTAT:TEN00126(1.0),19/01/22 11:00:00,A,FC_TRA_E,O4680,KTOE,FR,2020,7.868,
ESTAT:TEN00126(1.0),19/01/22 11:00:00,A,FC_TRA_E,O4680,KTOE,GE,2013,0.000,
ESTAT:TEN00126(1.0),19/01/22 11:00:00,A,FC_TRA_E,O4680,KTOE,GE,2014,0.955,
ESTAT:TEN00126(1.0),19/01/22 11:00:00,A,FC_TRA_E,O4680,KTOE,GE,2015,0.955,
ESTAT:TEN00126(1.0),19/01/22 11:00:00,A,FC_TRA_E,O4680,KTOE,GE,2016,0.960,
ESTAT:TEN00126(1.0),19/01/22 11:00:00,A,FC_TRA_E,O4680,KTOE,GE,2017,0.480,
ESTAT:TEN00126(1.0),19/01/22 11:00:00,A,FC_TRA_E,O4680,KTOE,GE,2018,0.461,
ESTAT:TEN00126(1.0),19/01/22 11:00:00,A,FC_TRA_E,O4680,KTOE,GE,2019,0.240,
ESTAT:TEN00126(1.0),19/01/22 11:00:00,A,FC_TRA_E,O4680,KTOE,GE,2020,0.360,
ESTAT:TEN00126(1.0),19/01/22 11:00:00,A,FC_TRA_E,O4680,KTOE,HR,2009,0.000,
ESTAT:TEN00126(1.0),19/01/22 11:00:00,A,FC_TRA_E,O4680,KTOE,HR,2010,1.930,
ESTAT:TEN00126(1.0),19/01/22 11:00:00,A,FC_TRA_E,O4680,KTOE,HR,2011,1.930,
ESTAT:TEN00126(1.0),19/01/22 11:00:00,A,FC_TRA_E,O4680,KTOE,HR,2012,1.930,
ESTAT:TEN00126(1.0),19/01/22 11:00:00,A,FC_TRA_E,O4680,KTOE,HR,2013,0.000,
ESTAT:TEN00126(1.0),19/01/22 11:00:00,A,FC_TRA_E,O4680,KTOE,HR,2014,0.000,
ESTAT:TEN00126(1.0),19/01/22 11:00:00,A,FC_TRA_E,O4680,KTOE,HR,2015,0.000,
ESTAT:TEN00126(1.0),19/01/22 11:00:00,A,FC_TRA_E,O4680,KTOE,HR,2016,0.000,
ESTAT:TEN00126(1.0),19/01/22 11:00:00,A,FC_TRA_E,O4680,KTOE,HR,2017,0.000,
ESTAT:TEN00126(1.0),19/01/22 11:00:00,A,FC_TRA_E,O4680,KTOE,HR,2018,0.000,
ESTAT:TEN00126(1.0),19/01/22 11:00:00,A,FC_TRA_E,O4680,KTOE,HR,2019,0.000,
ESTAT:TEN00126(1.0),19/01/22 11:00:00,A,FC_TRA_E,O4680,KTOE,HR,2020,0.000,
ESTAT:TEN00126(1.0),19/01/22 11:00:00,A,FC_TRA_E,O4680,KTOE,HU,2009,0.000,
ESTAT:TEN00126(1.0),19/01/22 11:00:00,A,FC_TRA_E,O4680,KTOE,HU,2010,0.000,
ESTAT:TEN00126(1.0),19/01/22 11:00:00,A,FC_TRA_E,O4680,KTOE,HU,2011,0.000,
ESTAT:TEN00126(1.0),19/01/22 11:00:00,A,FC_TRA_E,O4680,KTOE,HU,2012,0.000,
ESTAT:TEN00126(1.0),19/01/22 11:00:00,A,FC_TRA_E,O4680,KTOE,HU,2013,0.000,
ESTAT:TEN00126(1.0),19/01/22 11:00:00,A,FC_TRA_E,O4680,KTOE,HU,2014,0.000,
ESTAT:TEN00126(1.0),19/01/22 11:00:00,A,FC_TRA_E,O4680,KTOE,HU,2015,0.000,
ESTAT:TEN00126(1.0),19/01/22 11:00:00,A,FC_TRA_E,O4680,KTOE,HU,2016,0.000,
ESTAT:TEN00126(1.0),19/01/22 11:00:00,A,FC_TRA_E,O4680,KTOE,HU,2017,0.000,
ESTAT:TEN00126(1.0),19/01/22 11:00:00,A,FC_TRA_E,O4680,KTOE,HU,2018,0.000,
ESTAT:TEN00126(1.0),19/01/22 11:00:00,A,FC_TRA_E,O4680,KTOE,HU,2019,0.000,
ESTAT:TEN00126(1.0),19/01/22 11:00:00,A,FC_TRA_E,O4680,KTOE,HU,2020,0.000,
ESTAT:TEN00126(1.0),19/01/22 11:00:00,A,FC_TRA_E,O4680,KTOE,IE,2009,21.668,
ESTAT:TEN00126(1.0),19/01/22 11:00:00,A,FC_TRA_E,O4680,KTOE,IE,2010,19.698,
ESTAT:TEN00126(1.0),19/01/22 11:00:00,A,FC_TRA_E,O4680,KTOE,IE,2011,19.698,
ESTAT:TEN00126(1.0),19/01/22 11:00:00,A,FC_TRA_E,O4680,KTOE,IE,2012,19.698,
ESTAT:TEN00126(1.0),19/01/22 11:00:00,A,FC_TRA_E,O4680,KTOE,IE,2013,19.698,
ESTAT:TEN00126(1.0),19/01/22 11:00:00,A,FC_TRA_E,O4680,KTOE,IE,2014,14.774,
ESTAT:TEN00126(1.0),19/01/22 11:00:00,A,FC_TRA_E,O4680,KTOE,IE,2015,0.000,
ESTAT:TEN00126(1.0),19/01/22 11:00:00,A,FC_TRA_E,O4680,KTOE,IE,2016,0.000,
ESTAT:TEN00126(1.0),19/01/22 11:00:00,A,FC_TRA_E,O4680,KTOE,IE,2017,0.000,
ESTAT:TEN00126(1.0),19/01/22 11:00:00,A,FC_TRA_E,O4680,KTOE,IE,2018,0.000,
ESTAT:TEN00126(1.0),19/01/22 11:00:00,A,FC_TRA_E,O4680,KTOE,IE,2019,0.000,
ESTAT:TEN00126(1.0),19/01/22 11:00:00,A,FC_TRA_E,O4680,KTOE,IE,2020,0.000,
ESTAT:TEN00126(1.0),19/01/22 11:00:00,A,FC_TRA_E,O4680,KTOE,IS,2009,3.860,
ESTAT:TEN00126(1.0),19/01/22 11:00:00,A,FC_TRA_E,O4680,KTOE,IS,2010,2.895,
ESTAT:TEN00126(1.0),19/01/22 11:00:00,A,FC_TRA_E,O4680,KTOE,IS,2011,0.000,
ESTAT:TEN00126(1.0),19/01/22 11:00:00,A,FC_TRA_E,O4680,KTOE,IS,2012,0.000,
ESTAT:TEN00126(1.0),19/01/22 11:00:00,A,FC_TRA_E,O4680,KTOE,IS,2013,0.965,
ESTAT:TEN00126(1.0),19/01/22 11:00:00,A,FC_TRA_E,O4680,KTOE,IS,2014,1.930,
ESTAT:TEN00126(1.0),19/01/22 11:00:00,A,FC_TRA_E,O4680,KTOE,IS,2015,0.000,
ESTAT:TEN00126(1.0),19/01/22 11:00:00,A,FC_TRA_E,O4680,KTOE,IS,2016,0.170,
ESTAT:TEN00126(1.0),19/01/22 11:00:00,A,FC_TRA_E,O4680,KTOE,IS,2017,0.000,
ESTAT:TEN00126(1.0),19/01/22 11:00:00,A,FC_TRA_E,O4680,KTOE,IS,2018,5.022,
ESTAT:TEN00126(1.0),19/01/22 11:00:00,A,FC_TRA_E,O4680,KTOE,IS,2019,4.653,
ESTAT:TEN00126(1.0),19/01/22 11:00:00,A,FC_TRA_E,O4680,KTOE,IS,2020,0.000,
ESTAT:TEN00126(1.0),19/01/22 11:00:00,A,FC_TRA_E,O4680,KTOE,IT,2009,621.955,
ESTAT:TEN00126(1.0),19/01/22 11:00:00,A,FC_TRA_E,O4680,KTOE,IT,2010,506.353,
ESTAT:TEN00126(1.0),19/01/22 11:00:00,A,FC_TRA_E,O4680,KTOE,IT,2011,456.673,
ESTAT:TEN00126(1.0),19/01/22 11:00:00,A,FC_TRA_E,O4680,KTOE,IT,2012,320.054,
ESTAT:TEN00126(1.0),19/01/22 11:00:00,A,FC_TRA_E,O4680,KTOE,IT,2013,287.570,
ESTAT:TEN00126(1.0),19/01/22 11:00:00,A,FC_TRA_E,O4680,KTOE,IT,2014,340.117,
ESTAT:TEN00126(1.0),19/01/22 11:00:00,A,FC_TRA_E,O4680,KTOE,IT,2015,390.752,
ESTAT:TEN00126(1.0),19/01/22 11:00:00,A,FC_TRA_E,O4680,KTOE,IT,2016,456.673,
ESTAT:TEN00126(1.0),19/01/22 11:00:00,A,FC_TRA_E,O4680,KTOE,IT,2017,388.497,
ESTAT:TEN00126(1.0),19/01/22 11:00:00,A,FC_TRA_E,O4680,KTOE,IT,2018,344.329,
ESTAT:TEN00126(1.0),19/01/22 11:00:00,A,FC_TRA_E,O4680,KTOE,IT,2019,360.330,
ESTAT:TEN00126(1.0),19/01/22 11:00:00,A,FC_TRA_E,O4680,KTOE,IT,2020,364.022,
ESTAT:TEN00126(1.0),19/01/22 11:00:00,A,FC_TRA_E,O4680,KTOE,LT,2009,0.000,
ESTAT:TEN00126(1.0),19/01/22 11:00:00,A,FC_TRA_E,O4680,KTOE,LT,2010,0.000,
ESTAT:TEN00126(1.0),19/01/22 11:00:00,A,FC_TRA_E,O4680,KTOE,LT,2011,0.000,
ESTAT:TEN00126(1.0),19/01/22 11:00:00,A,FC_TRA_E,O4680,KTOE,LT,2012,0.000,
ESTAT:TEN00126(1.0),19/01/22 11:00:00,A,FC_TRA_E,O4680,KTOE,LT,2013,0.000,
ESTAT:TEN00126(1.0),19/01/22 11:00:00,A,FC_TRA_E,O4680,KTOE,LT,2014,0.000,
ESTAT:TEN00126(1.0),19/01/22 11:00:00,A,FC_TRA_E,O4680,KTOE,LT,2015,0.000,
ESTAT:TEN00126(1.0),19/01/22 11:00:00,A,FC_TRA_E,O4680,KTOE,LT,2016,0.000,
ESTAT:TEN00126(1.0),19/01/22 11:00:00,A,FC_TRA_E,O4680,KTOE,LT,2017,0.000,
ESTAT:TEN00126(1.0),19/01/22 11:00:00,A,FC_TRA_E,O4680,KTOE,LT,2018,0.000,
ESTAT:TEN00126(1.0),19/01/22 11:00:00,A,FC_TRA_E,O4680,KTOE,LT,2019,0.000,
ESTAT:TEN00126(1.0),19/01/22 11:00:00,A,FC_TRA_E,O4680,KTOE,LT,2020,0.000,
ESTAT:TEN00126(1.0),19/01/22 11:00:00,A,FC_TRA_E,O4680,KTOE,LU,2009,0.000,
ESTAT:TEN00126(1.0),19/01/22 11:00:00,A,FC_TRA_E,O4680,KTOE,LU,2010,0.000,
ESTAT:TEN00126(1.0),19/01/22 11:00:00,A,FC_TRA_E,O4680,KTOE,LU,2011,0.000,
ESTAT:TEN00126(1.0),19/01/22 11:00:00,A,FC_TRA_E,O4680,KTOE,LU,2012,0.000,
ESTAT:TEN00126(1.0),19/01/22 11:00:00,A,FC_TRA_E,O4680,KTOE,LU,2013,0.000,
ESTAT:TEN00126(1.0),19/01/22 11:00:00,A,FC_TRA_E,O4680,KTOE,LU,2014,0.000,
ESTAT:TEN00126(1.0),19/01/22 11:00:00,A,FC_TRA_E,O4680,KTOE,LU,2015,0.000,
ESTAT:TEN00126(1.0),19/01/22 11:00:00,A,FC_TRA_E,O4680,KTOE,LU,2016,0.000,
ESTAT:TEN00126(1.0),19/01/22 11:00:00,A,FC_TRA_E,O4680,KTOE,LU,2017,0.000,
ESTAT:TEN00126(1.0),19/01/22 11:00:00,A,FC_TRA_E,O4680,KTOE,LU,2018,0.000,
ESTAT:TEN00126(1.0),19/01/22 11:00:00,A,FC_TRA_E,O4680,KTOE,LU,2019,0.000,
ESTAT:TEN00126(1.0),19/01/22 11:00:00,A,FC_TRA_E,O4680,KTOE,LU,2020,0.000,
ESTAT:TEN00126(1.0),19/01/22 11:00:00,A,FC_TRA_E,O4680,KTOE,LV,2009,0.000,
ESTAT:TEN00126(1.0),19/01/22 11:00:00,A,FC_TRA_E,O4680,KTOE,LV,2010,0.000,
ESTAT:TEN00126(1.0),19/01/22 11:00:00,A,FC_TRA_E,O4680,KTOE,LV,2011,0.000,
ESTAT:TEN00126(1.0),19/01/22 11:00:00,A,FC_TRA_E,O4680,KTOE,LV,2012,0.000,
ESTAT:TEN00126(1.0),19/01/22 11:00:00,A,FC_TRA_E,O4680,KTOE,LV,2013,0.000,
ESTAT:TEN00126(1.0),19/01/22 11:00:00,A,FC_TRA_E,O4680,KTOE,LV,2014,0.000,
ESTAT:TEN00126(1.0),19/01/22 11:00:00,A,FC_TRA_E,O4680,KTOE,LV,2015,0.000,
ESTAT:TEN00126(1.0),19/01/22 11:00:00,A,FC_TRA_E,O4680,KTOE,LV,2016,0.000,
ESTAT:TEN00126(1.0),19/01/22 11:00:00,A,FC_TRA_E,O4680,KTOE,LV,2017,0.000,
ESTAT:TEN00126(1.0),19/01/22 11:00:00,A,FC_TRA_E,O4680,KTOE,LV,2018,0.000,
ESTAT:TEN00126(1.0),19/01/22 11:00:00,A,FC_TRA_E,O4680,KTOE,LV,2019,0.000,
ESTAT:TEN00126(1.0),19/01/22 11:00:00,A,FC_TRA_E,O4680,KTOE,LV,2020,0.000,
ESTAT:TEN00126(1.0),19/01/22 11:00:00,A,FC_TRA_E,O4680,KTOE,MD,2010,0.000,
ESTAT:TEN00126(1.0),19/01/22 11:00:00,A,FC_TRA_E,O4680,KTOE,MD,2011,0.000,
ESTAT:TEN00126(1.0),19/01/22 11:00:00,A,FC_TRA_E,O4680,KTOE,MD,2012,0.000,
ESTAT:TEN00126(1.0),19/01/22 11:00:00,A,FC_TRA_E,O4680,KTOE,MD,2013,0.000,
ESTAT:TEN00126(1.0),19/01/22 11:00:00,A,FC_TRA_E,O4680,KTOE,MD,2014,0.000,
ESTAT:TEN00126(1.0),19/01/22 11:00:00,A,FC_TRA_E,O4680,KTOE,MD,2015,0.000,
ESTAT:TEN00126(1.0),19/01/22 11:00:00,A,FC_TRA_E,O4680,KTOE,MD,2016,0.000,
ESTAT:TEN00126(1.0),19/01/22 11:00:00,A,FC_TRA_E,O4680,KTOE,MD,2017,0.000,
ESTAT:TEN00126(1.0),19/01/22 11:00:00,A,FC_TRA_E,O4680,KTOE,MD,2018,0.000,
ESTAT:TEN00126(1.0),19/01/22 11:00:00,A,FC_TRA_E,O4680,KTOE,MD,2019,0.000,
ESTAT:TEN00126(1.0),19/01/22 11:00:00,A,FC_TRA_E,O4680,KTOE,MD,2020,0.000,
ESTAT:TEN00126(1.0),19/01/22 11:00:00,A,FC_TRA_E,O4680,KTOE,ME,2009,0.000,
ESTAT:TEN00126(1.0),19/01/22 11:00:00,A,FC_TRA_E,O4680,KTOE,ME,2010,0.000,
ESTAT:TEN00126(1.0),19/01/22 11:00:00,A,FC_TRA_E,O4680,KTOE,ME,2011,1.020,
ESTAT:TEN00126(1.0),19/01/22 11:00:00,A,FC_TRA_E,O4680,KTOE,ME,2012,3.060,
ESTAT:TEN00126(1.0),19/01/22 11:00:00,A,FC_TRA_E,O4680,KTOE,ME,2013,3.060,
ESTAT:TEN00126(1.0),19/01/22 11:00:00,A,FC_TRA_E,O4680,KTOE,ME,2014,1.020,
ESTAT:TEN00126(1.0),19/01/22 11:00:00,A,FC_TRA_E,O4680,KTOE,ME,2015,1.020,
ESTAT:TEN00126(1.0),19/01/22 11:00:00,A,FC_TRA_E,O4680,KTOE,ME,2016,1.020,
ESTAT:TEN00126(1.0),19/01/22 11:00:00,A,FC_TRA_E,O4680,KTOE,ME,2017,0.000,
ESTAT:TEN00126(1.0),19/01/22 11:00:00,A,FC_TRA_E,O4680,KTOE,ME,2018,0.000,
ESTAT:TEN00126(1.0),19/01/22 11:00:00,A,FC_TRA_E,O4680,KTOE,ME,2019,0.000,
ESTAT:TEN00126(1.0),19/01/22 11:00:00,A,FC_TRA_E,O4680,KTOE,ME,2020,0.000,
ESTAT:TEN00126(1.0),19/01/22 11:00:00,A,FC_TRA_E,O4680,KTOE,MK,2009,0.000,
ESTAT:TEN00126(1.0),19/01/22 11:00:00,A,FC_TRA_E,O4680,KTOE,MK,2010,0.000,
ESTAT:TEN00126(1.0),19/01/22 11:00:00,A,FC_TRA_E,O4680,KTOE,MK,2011,0.000,
ESTAT:TEN00126(1.0),19/01/22 11:00:00,A,FC_TRA_E,O4680,KTOE,MK,2012,0.000,
ESTAT:TEN00126(1.0),19/01/22 11:00:00,A,FC_TRA_E,O4680,KTOE,MK,2013,0.000,
ESTAT:TEN00126(1.0),19/01/22 11:00:00,A,FC_TRA_E,O4680,KTOE,MK,2014,0.000,
ESTAT:TEN00126(1.0),19/01/22 11:00:00,A,FC_TRA_E,O4680,KTOE,MK,2015,0.000,
ESTAT:TEN00126(1.0),19/01/22 11:00:00,A,FC_TRA_E,O4680,KTOE,MK,2016,0.000,
ESTAT:TEN00126(1.0),19/01/22 11:00:00,A,FC_TRA_E,O4680,KTOE,MK,2017,0.000,
ESTAT:TEN00126(1.0),19/01/22 11:00:00,A,FC_TRA_E,O4680,KTOE,MK,2018,0.000,
ESTAT:TEN00126(1.0),19/01/22 11:00:00,A,FC_TRA_E,O4680,KTOE,MK,2019,0.000,
ESTAT:TEN00126(1.0),19/01/22 11:00:00,A,FC_TRA_E,O4680,KTOE,MK,2020,0.000,
ESTAT:TEN00126(1.0),19/01/22 11:00:00,A,FC_TRA_E,O4680,KTOE,MT,2009,0.955,
ESTAT:TEN00126(1.0),19/01/22 11:00:00,A,FC_TRA_E,O4680,KTOE,MT,2010,2.866,
ESTAT:TEN00126(1.0),19/01/22 11:00:00,A,FC_TRA_E,O4680,KTOE,MT,2011,0.955,
ESTAT:TEN00126(1.0),19/01/22 11:00:00,A,FC_TRA_E,O4680,KTOE,MT,2012,1.911,
ESTAT:TEN00126(1.0),19/01/22 11:00:00,A,FC_TRA_E,O4680,KTOE,MT,2013,0.000,
ESTAT:TEN00126(1.0),19/01/22 11:00:00,A,FC_TRA_E,O4680,KTOE,MT,2014,0.000,
ESTAT:TEN00126(1.0),19/01/22 11:00:00,A,FC_TRA_E,O4680,KTOE,MT,2015,0.000,
ESTAT:TEN00126(1.0),19/01/22 11:00:00,A,FC_TRA_E,O4680,KTOE,MT,2016,0.000,
ESTAT:TEN00126(1.0),19/01/22 11:00:00,A,FC_TRA_E,O4680,KTOE,MT,2017,0.000,
ESTAT:TEN00126(1.0),19/01/22 11:00:00,A,FC_TRA_E,O4680,KTOE,MT,2018,0.000,
ESTAT:TEN00126(1.0),19/01/22 11:00:00,A,FC_TRA_E,O4680,KTOE,MT,2019,0.000,
ESTAT:TEN00126(1.0),19/01/22 11:00:00,A,FC_TRA_E,O4680,KTOE,MT,2020,0.000,
ESTAT:TEN00126(1.0),19/01/22 11:00:00,A,FC_TRA_E,O4680,KTOE,NL,2009,0.000,
ESTAT:TEN00126(1.0),19/01/22 11:00:00,A,FC_TRA_E,O4680,KTOE,NL,2010,0.000,
ESTAT:TEN00126(1.0),19/01/22 11:00:00,A,FC_TRA_E,O4680,KTOE,NL,2011,0.000,
ESTAT:TEN00126(1.0),19/01/22 11:00:00,A,FC_TRA_E,O4680,KTOE,NL,2012,0.000,
ESTAT:TEN00126(1.0),19/01/22 11:00:00,A,FC_TRA_E,O4680,KTOE,NL,2013,0.000,
ESTAT:TEN00126(1.0),19/01/22 11:00:00,A,FC_TRA_E,O4680,KTOE,NL,2014,0.000,
ESTAT:TEN00126(1.0),19/01/22 11:00:00,A,FC_TRA_E,O4680,KTOE,NL,2015,0.000,
ESTAT:TEN00126(1.0),19/01/22 11:00:00,A,FC_TRA_E,O4680,KTOE,NL,2016,0.000,
ESTAT:TEN00126(1.0),19/01/22 11:00:00,A,FC_TRA_E,O4680,KTOE,NL,2017,0.000,
ESTAT:TEN00126(1.0),19/01/22 11:00:00,A,FC_TRA_E,O4680,KTOE,NL,2018,0.000,
ESTAT:TEN00126(1.0),19/01/22 11:00:00,A,FC_TRA_E,O4680,KTOE,NL,2019,0.000,
ESTAT:TEN00126(1.0),19/01/22 11:00:00,A,FC_TRA_E,O4680,KTOE,NL,2020,0.000,
ESTAT:TEN00126(1.0),19/01/22 11:00:00,A,FC_TRA_E,O4680,KTOE,NO,2009,92.123,
ESTAT:TEN00126(1.0),19/01/22 11:00:00,A,FC_TRA_E,O4680,KTOE,NO,2010,59.153,
ESTAT:TEN00126(1.0),19/01/22 11:00:00,A,FC_TRA_E,O4680,KTOE,NO,2011,52.365,
ESTAT:TEN00126(1.0),19/01/22 11:00:00,A,FC_TRA_E,O4680,KTOE,NO,2012,41.698,
ESTAT:TEN00126(1.0),19/01/22 11:00:00,A,FC_TRA_E,O4680,KTOE,NO,2013,33.940,
ESTAT:TEN00126(1.0),19/01/22 11:00:00,A,FC_TRA_E,O4680,KTOE,NO,2014,30.061,
ESTAT:TEN00126(1.0),19/01/22 11:00:00,A,FC_TRA_E,O4680,KTOE,NO,2015,24.243,
ESTAT:TEN00126(1.0),19/01/22 11:00:00,A,FC_TRA_E,O4680,KTOE,NO,2016,23.273,
ESTAT:TEN00126(1.0),19/01/22 11:00:00,A,FC_TRA_E,O4680,KTOE,NO,2017,0.000,
ESTAT:TEN00126(1.0),19/01/22 11:00:00,A,FC_TRA_E,O4680,KTOE,NO,2018,0.000,
ESTAT:TEN00126(1.0),19/01/22 11:00:00,A,FC_TRA_E,O4680,KTOE,NO,2019,3.204,
ESTAT:TEN00126(1.0),19/01/22 11:00:00,A,FC_TRA_E,O4680,KTOE,NO,2020,0.000,
ESTAT:TEN00126(1.0),19/01/22 11:00:00,A,FC_TRA_E,O4680,KTOE,PL,2009,0.000,
ESTAT:TEN00126(1.0),19/01/22 11:00:00,A,FC_TRA_E,O4680,KTOE,PL,2010,0.000,
ESTAT:TEN00126(1.0),19/01/22 11:00:00,A,FC_TRA_E,O4680,KTOE,PL,2011,0.000,
ESTAT:TEN00126(1.0),19/01/22 11:00:00,A,FC_TRA_E,O4680,KTOE,PL,2012,0.000,
ESTAT:TEN00126(1.0),19/01/22 11:00:00,A,FC_TRA_E,O4680,KTOE,PL,2013,0.000,
ESTAT:TEN00126(1.0),19/01/22 11:00:00,A,FC_TRA_E,O4680,KTOE,PL,2014,0.000,
ESTAT:TEN00126(1.0),19/01/22 11:00:00,A,FC_TRA_E,O4680,KTOE,PL,2015,0.000,
ESTAT:TEN00126(1.0),19/01/22 11:00:00,A,FC_TRA_E,O4680,KTOE,PL,2016,0.000,
ESTAT:TEN00126(1.0),19/01/22 11:00:00,A,FC_TRA_E,O4680,KTOE,PL,2017,0.000,
ESTAT:TEN00126(1.0),19/01/22 11:00:00,A,FC_TRA_E,O4680,KTOE,PL,2018,0.000,
ESTAT:TEN00126(1.0),19/01/22 11:00:00,A,FC_TRA_E,O4680,KTOE,PL,2019,0.000,
ESTAT:TEN00126(1.0),19/01/22 11:00:00,A,FC_TRA_E,O4680,KTOE,PL,2020,0.000,
ESTAT:TEN00126(1.0),19/01/22 11:00:00,A,FC_TRA_E,O4680,KTOE,PT,2009,114.646,
ESTAT:TEN00126(1.0),19/01/22 11:00:00,A,FC_TRA_E,O4680,KTOE,PT,2010,77.386,
ESTAT:TEN00126(1.0),19/01/22 11:00:00,A,FC_TRA_E,O4680,KTOE,PT,2011,80.252,
ESTAT:TEN00126(1.0),19/01/22 11:00:00,A,FC_TRA_E,O4680,KTOE,PT,2012,81.208,
ESTAT:TEN00126(1.0),19/01/22 11:00:00,A,FC_TRA_E,O4680,KTOE,PT,2013,84.074,
ESTAT:TEN00126(1.0),19/01/22 11:00:00,A,FC_TRA_E,O4680,KTOE,PT,2014,50.635,
ESTAT:TEN00126(1.0),19/01/22 11:00:00,A,FC_TRA_E,O4680,KTOE,PT,2015,48.725,
ESTAT:TEN00126(1.0),19/01/22 11:00:00,A,FC_TRA_E,O4680,KTOE,PT,2016,70.698,
ESTAT:TEN00126(1.0),19/01/22 11:00:00,A,FC_TRA_E,O4680,KTOE,PT,2017,59.811,
ESTAT:TEN00126(1.0),19/01/22 11:00:00,A,FC_TRA_E,O4680,KTOE,PT,2018,62.793,
ESTAT:TEN00126(1.0),19/01/22 11:00:00,A,FC_TRA_E,O4680,KTOE,PT,2019,60.390,
ESTAT:TEN00126(1.0),19/01/22 11:00:00,A,FC_TRA_E,O4680,KTOE,PT,2020,44.938,
ESTAT:TEN00126(1.0),19/01/22 11:00:00,A,FC_TRA_E,O4680,KTOE,RO,2009,0.000,
ESTAT:TEN00126(1.0),19/01/22 11:00:00,A,FC_TRA_E,O4680,KTOE,RO,2010,0.000,
ESTAT:TEN00126(1.0),19/01/22 11:00:00,A,FC_TRA_E,O4680,KTOE,RO,2011,0.000,
ESTAT:TEN00126(1.0),19/01/22 11:00:00,A,FC_TRA_E,O4680,KTOE,RO,2012,0.000,
ESTAT:TEN00126(1.0),19/01/22 11:00:00,A,FC_TRA_E,O4680,KTOE,RO,2013,0.000,
ESTAT:TEN00126(1.0),19/01/22 11:00:00,A,FC_TRA_E,O4680,KTOE,RO,2014,0.000,
ESTAT:TEN00126(1.0),19/01/22 11:00:00,A,FC_TRA_E,O4680,KTOE,RO,2015,0.000,
ESTAT:TEN00126(1.0),19/01/22 11:00:00,A,FC_TRA_E,O4680,KTOE,RO,2016,0.000,
ESTAT:TEN00126(1.0),19/01/22 11:00:00,A,FC_TRA_E,O4680,KTOE,RO,2017,0.000,
ESTAT:TEN00126(1.0),19/01/22 11:00:00,A,FC_TRA_E,O4680,KTOE,RO,2018,0.000,
ESTAT:TEN00126(1.0),19/01/22 11:00:00,A,FC_TRA_E,O4680,KTOE,RO,2019,0.000,
ESTAT:TEN00126(1.0),19/01/22 11:00:00,A,FC_TRA_E,O4680,KTOE,RO,2020,0.000,
ESTAT:TEN00126(1.0),19/01/22 11:00:00,A,FC_TRA_E,O4680,KTOE,RS,2009,1.967,
ESTAT:TEN00126(1.0),19/01/22 11:00:00,A,FC_TRA_E,O4680,KTOE,RS,2010,3.935,
ESTAT:TEN00126(1.0),19/01/22 11:00:00,A,FC_TRA_E,O4680,KTOE,RS,2011,2.951,
ESTAT:TEN00126(1.0),19/01/22 11:00:00,A,FC_TRA_E,O4680,KTOE,RS,2012,1.967,
ESTAT:TEN00126(1.0),19/01/22 11:00:00,A,FC_TRA_E,O4680,KTOE,RS,2013,0.984,
ESTAT:TEN00126(1.0),19/01/22 11:00:00,A,FC_TRA_E,O4680,KTOE,RS,2014,0.000,
ESTAT:TEN00126(1.0),19/01/22 11:00:00,A,FC_TRA_E,O4680,KTOE,RS,2015,0.000,
ESTAT:TEN00126(1.0),19/01/22 11:00:00,A,FC_TRA_E,O4680,KTOE,RS,2016,0.000,
ESTAT:TEN00126(1.0),19/01/22 11:00:00,A,FC_TRA_E,O4680,KTOE,RS,2017,0.000,
ESTAT:TEN00126(1.0),19/01/22 11:00:00,A,FC_TRA_E,O4680,KTOE,RS,2018,0.000,
ESTAT:TEN00126(1.0),19/01/22 11:00:00,A,FC_TRA_E,O4680,KTOE,RS,2019,0.000,
ESTAT:TEN00126(1.0),19/01/22 11:00:00,A,FC_TRA_E,O4680,KTOE,RS,2020,0.000,
ESTAT:TEN00126(1.0),19/01/22 11:00:00,A,FC_TRA_E,O4680,KTOE,SE,2009,95.869,
ESTAT:TEN00126(1.0),19/01/22 11:00:00,A,FC_TRA_E,O4680,KTOE,SE,2010,100.686,
ESTAT:TEN00126(1.0),19/01/22 11:00:00,A,FC_TRA_E,O4680,KTOE,SE,2011,103.847,
ESTAT:TEN00126(1.0),19/01/22 11:00:00,A,FC_TRA_E,O4680,KTOE,SE,2012,96.390,
ESTAT:TEN00126(1.0),19/01/22 11:00:00,A,FC_TRA_E,O4680,KTOE,SE,2013,101.826,
ESTAT:TEN00126(1.0),19/01/22 11:00:00,A,FC_TRA_E,O4680,KTOE,SE,2014,97.210,
ESTAT:TEN00126(1.0),19/01/22 11:00:00,A,FC_TRA_E,O4680,KTOE,SE,2015,53.135,
ESTAT:TEN00126(1.0),19/01/22 11:00:00,A,FC_TRA_E,O4680,KTOE,SE,2016,56.557,
ESTAT:TEN00126(1.0),19/01/22 11:00:00,A,FC_TRA_E,O4680,KTOE,SE,2017,58.278,
ESTAT:TEN00126(1.0),19/01/22 11:00:00,A,FC_TRA_E,O4680,KTOE,SE,2018,96.827,
ESTAT:TEN00126(1.0),19/01/22 11:00:00,A,FC_TRA_E,O4680,KTOE,SE,2019,80.624,
ESTAT:TEN00126(1.0),19/01/22 11:00:00,A,FC_TRA_E,O4680,KTOE,SE,2020,65.147,
ESTAT:TEN00126(1.0),19/01/22 11:00:00,A,FC_TRA_E,O4680,KTOE,SI,2009,0.000,
ESTAT:TEN00126(1.0),19/01/22 11:00:00,A,FC_TRA_E,O4680,KTOE,SI,2010,0.000,
ESTAT:TEN00126(1.0),19/01/22 11:00:00,A,FC_TRA_E,O4680,KTOE,SI,2011,0.000,
ESTAT:TEN00126(1.0),19/01/22 11:00:00,A,FC_TRA_E,O4680,KTOE,SI,2012,0.000,
ESTAT:TEN00126(1.0),19/01/22 11:00:00,A,FC_TRA_E,O4680,KTOE,SI,2013,0.000,
ESTAT:TEN00126(1.0),19/01/22 11:00:00,A,FC_TRA_E,O4680,KTOE,SI,2014,0.000,
ESTAT:TEN00126(1.0),19/01/22 11:00:00,A,FC_TRA_E,O4680,KTOE,SI,2015,0.000,
ESTAT:TEN00126(1.0),19/01/22 11:00:00,A,FC_TRA_E,O4680,KTOE,SI,2016,0.000,
ESTAT:TEN00126(1.0),19/01/22 11:00:00,A,FC_TRA_E,O4680,KTOE,SI,2017,0.000,
ESTAT:TEN00126(1.0),19/01/22 11:00:00,A,FC_TRA_E,O4680,KTOE,SI,2018,0.000,
ESTAT:TEN00126(1.0),19/01/22 11:00:00,A,FC_TRA_E,O4680,KTOE,SI,2019,0.000,
ESTAT:TEN00126(1.0),19/01/22 11:00:00,A,FC_TRA_E,O4680,KTOE,SI,2020,0.000,
ESTAT:TEN00126(1.0),19/01/22 11:00:00,A,FC_TRA_E,O4680,KTOE,SK,2009,0.000,
ESTAT:TEN00126(1.0),19/01/22 11:00:00,A,FC_TRA_E,O4680,KTOE,SK,2010,0.000,
ESTAT:TEN00126(1.0),19/01/22 11:00:00,A,FC_TRA_E,O4680,KTOE,SK,2011,0.000,
ESTAT:TEN00126(1.0),19/01/22 11:00:00,A,FC_TRA_E,O4680,KTOE,SK,2012,0.000,
ESTAT:TEN00126(1.0),19/01/22 11:00:00,A,FC_TRA_E,O4680,KTOE,SK,2013,0.000,
ESTAT:TEN00126(1.0),19/01/22 11:00:00,A,FC_TRA_E,O4680,KTOE,SK,2014,0.000,
ESTAT:TEN00126(1.0),19/01/22 11:00:00,A,FC_TRA_E,O4680,KTOE,SK,2015,0.000,
ESTAT:TEN00126(1.0),19/01/22 11:00:00,A,FC_TRA_E,O4680,KTOE,SK,2016,0.000,
ESTAT:TEN00126(1.0),19/01/22 11:00:00,A,FC_TRA_E,O4680,KTOE,SK,2017,0.000,
ESTAT:TEN00126(1.0),19/01/22 11:00:00,A,FC_TRA_E,O4680,KTOE,SK,2018,0.000,
ESTAT:TEN00126(1.0),19/01/22 11:00:00,A,FC_TRA_E,O4680,KTOE,SK,2019,0.000,
ESTAT:TEN00126(1.0),19/01/22 11:00:00,A,FC_TRA_E,O4680,KTOE,SK,2020,0.000,
ESTAT:TEN00126(1.0),19/01/22 11:00:00,A,FC_TRA_E,O4680,KTOE,TR,2009,76.230,
ESTAT:TEN00126(1.0),19/01/22 11:00:00,A,FC_TRA_E,O4680,KTOE,TR,2010,49.212,
ESTAT:TEN00126(1.0),19/01/22 11:00:00,A,FC_TRA_E,O4680,KTOE,TR,2011,54.036,
ESTAT:TEN00126(1.0),19/01/22 11:00:00,A,FC_TRA_E,O4680,KTOE,TR,2012,0.000,
ESTAT:TEN00126(1.0),19/01/22 11:00:00,A,FC_TRA_E,O4680,KTOE,TR,2013,330.280,
ESTAT:TEN00126(1.0),19/01/22 11:00:00,A,FC_TRA_E,O4680,KTOE,TR,2014,245.938,
ESTAT:TEN00126(1.0),19/01/22 11:00:00,A,FC_TRA_E,O4680,KTOE,TR,2015,178.441,
ESTAT:TEN00126(1.0),19/01/22 11:00:00,A,FC_TRA_E,O4680,KTOE,TR,2016,43.718,
ESTAT:TEN00126(1.0),19/01/22 11:00:00,A,FC_TRA_E,O4680,KTOE,TR,2017,35.383,
ESTAT:TEN00126(1.0),19/01/22 11:00:00,A,FC_TRA_E,O4680,KTOE,TR,2018,33.539,
ESTAT:TEN00126(1.0),19/01/22 11:00:00,A,FC_TRA_E,O4680,KTOE,TR,2019,34.525,
ESTAT:TEN00126(1.0),19/01/22 11:00:00,A,FC_TRA_E,O4680,KTOE,TR,2020,13.783,
ESTAT:TEN00126(1.0),19/01/22 11:00:00,A,FC_TRA_E,O4680,KTOE,UA,2009,5.732,
ESTAT:TEN00126(1.0),19/01/22 11:00:00,A,FC_TRA_E,O4680,KTOE,UA,2010,10.509,
ESTAT:TEN00126(1.0),19/01/22 11:00:00,A,FC_TRA_E,O4680,KTOE,UA,2011,10.509,
ESTAT:TEN00126(1.0),19/01/22 11:00:00,A,FC_TRA_E,O4680,KTOE,UA,2012,9.649,
ESTAT:TEN00126(1.0),19/01/22 11:00:00,A,FC_TRA_E,O4680,KTOE,UA,2013,9.554,
ESTAT:TEN00126(1.0),19/01/22 11:00:00,A,FC_TRA_E,O4680,KTOE,UA,2014,8.598,
ESTAT:TEN00126(1.0),19/01/22 11:00:00,A,FC_TRA_E,O4680,KTOE,UA,2015,12.420,
ESTAT:TEN00126(1.0),19/01/22 11:00:00,A,FC_TRA_E,O4680,KTOE,UA,2016,14.331,
ESTAT:TEN00126(1.0),19/01/22 11:00:00,A,FC_TRA_E,O4680,KTOE,UA,2017,8.598,
ESTAT:TEN00126(1.0),19/01/22 11:00:00,A,FC_TRA_E,O4680,KTOE,UA,2018,0.955,
ESTAT:TEN00126(1.0),19/01/22 11:00:00,A,FC_TRA_E,O4680,KTOE,UA,2019,0.000,
ESTAT:TEN00126(1.0),19/01/22 11:00:00,A,FC_TRA_E,O4680,KTOE,UA,2020,0.000,
ESTAT:TEN00126(1.0),19/01/22 11:00:00,A,FC_TRA_E,O4680,KTOE,UK,2009,99.389,
ESTAT:TEN00126(1.0),19/01/22 11:00:00,A,FC_TRA_E,O4680,KTOE,UK,2010,95.315,
ESTAT:TEN00126(1.0),19/01/22 11:00:00,A,FC_TRA_E,O4680,KTOE,UK,2011,96.259,
ESTAT:TEN00126(1.0),19/01/22 11:00:00,A,FC_TRA_E,O4680,KTOE,UK,2012,86.536,
ESTAT:TEN00126(1.0),19/01/22 11:00:00,A,FC_TRA_E,O4680,KTOE,UK,2013,0.000,
ESTAT:TEN00126(1.0),19/01/22 11:00:00,A,FC_TRA_E,O4680,KTOE,UK,2014,0.000,
ESTAT:TEN00126(1.0),19/01/22 11:00:00,A,FC_TRA_E,O4680,KTOE,UK,2015,0.000,
ESTAT:TEN00126(1.0),19/01/22 11:00:00,A,FC_TRA_E,O4680,KTOE,UK,2016,0.000,
ESTAT:TEN00126(1.0),19/01/22 11:00:00,A,FC_TRA_E,O4680,KTOE,UK,2017,0.000,
ESTAT:TEN00126(1.0),19/01/22 11:00:00,A,FC_TRA_E,O4680,KTOE,UK,2018,0.000,
ESTAT:TEN00126(1.0),19/01/22 11:00:00,A,FC_TRA_E,O4680,KTOE,UK,2019,0.000,
ESTAT:TEN00126(1.0),19/01/22 11:00:00,A,FC_TRA_E,O4680,KTOE,XK,2009,0.000,
ESTAT:TEN00126(1.0),19/01/22 11:00:00,A,FC_TRA_E,O4680,KTOE,XK,2010,0.000,
ESTAT:TEN00126(1.0),19/01/22 11:00:00,A,FC_TRA_E,O4680,KTOE,XK,2011,0.000,
ESTAT:TEN00126(1.0),19/01/22 11:00:00,A,FC_TRA_E,O4680,KTOE,XK,2012,0.000,
ESTAT:TEN00126(1.0),19/01/22 11:00:00,A,FC_TRA_E,O4680,KTOE,XK,2013,0.000,
ESTAT:TEN00126(1.0),19/01/22 11:00:00,A,FC_TRA_E,O4680,KTOE,XK,2014,0.000,
ESTAT:TEN00126(1.0),19/01/22 11:00:00,A,FC_TRA_E,O4680,KTOE,XK,2015,0.000,
ESTAT:TEN00126(1.0),19/01/22 11:00:00,A,FC_TRA_E,O4680,KTOE,XK,2016,0.000,
ESTAT:TEN00126(1.0),19/01/22 11:00:00,A,FC_TRA_E,O4680,KTOE,XK,2017,0.000,
ESTAT:TEN00126(1.0),19/01/22 11:00:00,A,FC_TRA_E,O4680,KTOE,XK,2018,0.000,
ESTAT:TEN00126(1.0),19/01/22 11:00:00,A,FC_TRA_E,O4680,KTOE,XK,2019,0.000,
ESTAT:TEN00126(1.0),19/01/22 11:00:00,A,FC_TRA_E,O4680,KTOE,XK,2020,0.000,
ESTAT:TEN00126(1.0),19/01/22 11:00:00,A,FC_TRA_E,R5210B,KTOE,AL,2009,0.000,
ESTAT:TEN00126(1.0),19/01/22 11:00:00,A,FC_TRA_E,R5210B,KTOE,AL,2010,0.000,
ESTAT:TEN00126(1.0),19/01/22 11:00:00,A,FC_TRA_E,R5210B,KTOE,AL,2011,0.000,
ESTAT:TEN00126(1.0),19/01/22 11:00:00,A,FC_TRA_E,R5210B,KTOE,AL,2012,0.000,
ESTAT:TEN00126(1.0),19/01/22 11:00:00,A,FC_TRA_E,R5210B,KTOE,AL,2013,0.000,
ESTAT:TEN00126(1.0),19/01/22 11:00:00,A,FC_TRA_E,R5210B,KTOE,AL,2014,0.000,
ESTAT:TEN00126(1.0),19/01/22 11:00:00,A,FC_TRA_E,R5210B,KTOE,AL,2015,0.000,
ESTAT:TEN00126(1.0),19/01/22 11:00:00,A,FC_TRA_E,R5210B,KTOE,AL,2016,0.000,
ESTAT:TEN00126(1.0),19/01/22 11:00:00,A,FC_TRA_E,R5210B,KTOE,AL,2017,0.000,
ESTAT:TEN00126(1.0),19/01/22 11:00:00,A,FC_TRA_E,R5210B,KTOE,AL,2018,0.000,
ESTAT:TEN00126(1.0),19/01/22 11:00:00,A,FC_TRA_E,R5210B,KTOE,AL,2019,0.000,
ESTAT:TEN00126(1.0),19/01/22 11:00:00,A,FC_TRA_E,R5210B,KTOE,AL,2020,0.000,
ESTAT:TEN00126(1.0),19/01/22 11:00:00,A,FC_TRA_E,R5210B,KTOE,AT,2009,78.000,
ESTAT:TEN00126(1.0),19/01/22 11:00:00,A,FC_TRA_E,R5210B,KTOE,AT,2010,78.262,
ESTAT:TEN00126(1.0),19/01/22 11:00:00,A,FC_TRA_E,R5210B,KTOE,AT,2011,77.220,
ESTAT:TEN00126(1.0),19/01/22 11:00:00,A,FC_TRA_E,R5210B,KTOE,AT,2012,77.253,
ESTAT:TEN00126(1.0),19/01/22 11:00:00,A,FC_TRA_E,R5210B,KTOE,AT,2013,66.090,
ESTAT:TEN00126(1.0),19/01/22 11:00:00,A,FC_TRA_E,R5210B,KTOE,AT,2014,62.921,
ESTAT:TEN00126(1.0),19/01/22 11:00:00,A,FC_TRA_E,R5210B,KTOE,AT,2015,59.845,
ESTAT:TEN00126(1.0),19/01/22 11:00:00,A,FC_TRA_E,R5210B,KTOE,AT,2016,57.128,
ESTAT:TEN00126(1.0),19/01/22 11:00:00,A,FC_TRA_E,R5210B,KTOE,AT,2017,56.020,
ESTAT:TEN00126(1.0),19/01/22 11:00:00,A,FC_TRA_E,R5210B,KTOE,AT,2018,57.594,
ESTAT:TEN00126(1.0),19/01/22 11:00:00,A,FC_TRA_E,R5210B,KTOE,AT,2019,56.502,
ESTAT:TEN00126(1.0),19/01/22 11:00:00,A,FC_TRA_E,R5210B,KTOE,AT,2020,54.991,
ESTAT:TEN00126(1.0),19/01/22 11:00:00,A,FC_TRA_E,R5210B,KTOE,BA,2014,0.000,
ESTAT:TEN00126(1.0),19/01/22 11:00:00,A,FC_TRA_E,R5210B,KTOE,BA,2015,0.000,
ESTAT:TEN00126(1.0),19/01/22 11:00:00,A,FC_TRA_E,R5210B,KTOE,BA,2016,0.000,
ESTAT:TEN00126(1.0),19/01/22 11:00:00,A,FC_TRA_E,R5210B,KTOE,BA,2017,0.000,
ESTAT:TEN00126(1.0),19/01/22 11:00:00,A,FC_TRA_E,R5210B,KTOE,BA,2018,0.000,
ESTAT:TEN00126(1.0),19/01/22 11:00:00,A,FC_TRA_E,R5210B,KTOE,BA,2019,0.000,
ESTAT:TEN00126(1.0),19/01/22 11:00:00,A,FC_TRA_E,R5210B,KTOE,BE,2009,20.358,
ESTAT:TEN00126(1.0),19/01/22 11:00:00,A,FC_TRA_E,R5210B,KTOE,BE,2010,56.753,
ESTAT:TEN00126(1.0),19/01/22 11:00:00,A,FC_TRA_E,R5210B,KTOE,BE,2011,56.078,
ESTAT:TEN00126(1.0),19/01/22 11:00:00,A,FC_TRA_E,R5210B,KTOE,BE,2012,54.432,
ESTAT:TEN00126(1.0),19/01/22 11:00:00,A,FC_TRA_E,R5210B,KTOE,BE,2013,54.129,
ESTAT:TEN00126(1.0),19/01/22 11:00:00,A,FC_TRA_E,R5210B,KTOE,BE,2014,38.935,
ESTAT:TEN00126(1.0),19/01/22 11:00:00,A,FC_TRA_E,R5210B,KTOE,BE,2015,40.572,
ESTAT:TEN00126(1.0),19/01/22 11:00:00,A,FC_TRA_E,R5210B,KTOE,BE,2016,43.064,
ESTAT:TEN00126(1.0),19/01/22 11:00:00,A,FC_TRA_E,R5210B,KTOE,BE,2017,96.749,
ESTAT:TEN00126(1.0),19/01/22 11:00:00,A,FC_TRA_E,R5210B,KTOE,BE,2018,113.385,
ESTAT:TEN00126(1.0),19/01/22 11:00:00,A,FC_TRA_E,R5210B,KTOE,BE,2019,129.416,
ESTAT:TEN00126(1.0),19/01/22 11:00:00,A,FC_TRA_E,R5210B,KTOE,BE,2020,129.640,
ESTAT:TEN00126(1.0),19/01/22 11:00:00,A,FC_TRA_E,R5210B,KTOE,BG,2009,0.000,
ESTAT:TEN00126(1.0),19/01/22 11:00:00,A,FC_TRA_E,R5210B,KTOE,BG,2010,0.000,
ESTAT:TEN00126(1.0),19/01/22 11:00:00,A,FC_TRA_E,R5210B,KTOE,BG,2011,0.000,
ESTAT:TEN00126(1.0),19/01/22 11:00:00,A,FC_TRA_E,R5210B,KTOE,BG,2012,0.000,
ESTAT:TEN00126(1.0),19/01/22 11:00:00,A,FC_TRA_E,R5210B,KTOE,BG,2013,8.383,
ESTAT:TEN00126(1.0),19/01/22 11:00:00,A,FC_TRA_E,R5210B,KTOE,BG,2014,14.832,
ESTAT:TEN00126(1.0),19/01/22 11:00:00,A,FC_TRA_E,R5210B,KTOE,BG,2015,32.244,
ESTAT:TEN00126(1.0),19/01/22 11:00:00,A,FC_TRA_E,R5210B,KTOE,BG,2016,32.889,
ESTAT:TEN00126(1.0),19/01/22 11:00:00,A,FC_TRA_E,R5210B,KTOE,BG,2017,26.650,
ESTAT:TEN00126(1.0),19/01/22 11:00:00,A,FC_TRA_E,R5210B,KTOE,BG,2018,28.595,
ESTAT:TEN00126(1.0),19/01/22 11:00:00,A,FC_TRA_E,R5210B,KTOE,BG,2019,31.819,
ESTAT:TEN00126(1.0),19/01/22 11:00:00,A,FC_TRA_E,R5210B,KTOE,BG,2020,26.507,
ESTAT:TEN00126(1.0),19/01/22 11:00:00,A,FC_TRA_E,R5210B,KTOE,CY,2009,0.000,
ESTAT:TEN00126(1.0),19/01/22 11:00:00,A,FC_TRA_E,R5210B,KTOE,CY,2010,0.000,
ESTAT:TEN00126(1.0),19/01/22 11:00:00,A,FC_TRA_E,R5210B,KTOE,CY,2011,0.000,
ESTAT:TEN00126(1.0),19/01/22 11:00:00,A,FC_TRA_E,R5210B,KTOE,CY,2012,0.000,
ESTAT:TEN00126(1.0),19/01/22 11:00:00,A,FC_TRA_E,R5210B,KTOE,CY,2013,0.000,
ESTAT:TEN00126(1.0),19/01/22 11:00:00,A,FC_TRA_E,R5210B,KTOE,CY,2014,0.000,
ESTAT:TEN00126(1.0),19/01/22 11:00:00,A,FC_TRA_E,R5210B,KTOE,CY,2015,0.000,
ESTAT:TEN00126(1.0),19/01/22 11:00:00,A,FC_TRA_E,R5210B,KTOE,CY,2016,0.000,
ESTAT:TEN00126(1.0),19/01/22 11:00:00,A,FC_TRA_E,R5210B,KTOE,CY,2017,0.000,
ESTAT:TEN00126(1.0),19/01/22 11:00:00,A,FC_TRA_E,R5210B,KTOE,CY,2018,0.000,
ESTAT:TEN00126(1.0),19/01/22 11:00:00,A,FC_TRA_E,R5210B,KTOE,CY,2019,0.000,
ESTAT:TEN00126(1.0),19/01/22 11:00:00,A,FC_TRA_E,R5210B,KTOE,CY,2020,0.652,
ESTAT:TEN00126(1.0),19/01/22 11:00:00,A,FC_TRA_E,R5210B,KTOE,CZ,2009,58.684,
ESTAT:TEN00126(1.0),19/01/22 11:00:00,A,FC_TRA_E,R5210B,KTOE,CZ,2010,58.040,
ESTAT:TEN00126(1.0),19/01/22 11:00:00,A,FC_TRA_E,R5210B,KTOE,CZ,2011,60.619,
ESTAT:TEN00126(1.0),19/01/22 11:00:00,A,FC_TRA_E,R5210B,KTOE,CZ,2012,56.105,
ESTAT:TEN00126(1.0),19/01/22 11:00:00,A,FC_TRA_E,R5210B,KTOE,CZ,2013,53.525,
ESTAT:TEN00126(1.0),19/01/22 11:00:00,A,FC_TRA_E,R5210B,KTOE,CZ,2014,65.778,
ESTAT:TEN00126(1.0),19/01/22 11:00:00,A,FC_TRA_E,R5210B,KTOE,CZ,2015,63.199,
ESTAT:TEN00126(1.0),19/01/22 11:00:00,A,FC_TRA_E,R5210B,KTOE,CZ,2016,48.366,
ESTAT:TEN00126(1.0),19/01/22 11:00:00,A,FC_TRA_E,R5210B,KTOE,CZ,2017,59.329,
ESTAT:TEN00126(1.0),19/01/22 11:00:00,A,FC_TRA_E,R5210B,KTOE,CZ,2018,61.264,
ESTAT:TEN00126(1.0),19/01/22 11:00:00,A,FC_TRA_E,R5210B,KTOE,CZ,2019,73.517,
ESTAT:TEN00126(1.0),19/01/22 11:00:00,A,FC_TRA_E,R5210B,KTOE,CZ,2020,65.778,
ESTAT:TEN00126(1.0),19/01/22 11:00:00,A,FC_TRA_E,R5210B,KTOE,DE,2009,568.968,
ESTAT:TEN00126(1.0),19/01/22 11:00:00,A,FC_TRA_E,R5210B,KTOE,DE,2010,739.337,
ESTAT:TEN00126(1.0),19/01/22 11:00:00,A,FC_TRA_E,R5210B,KTOE,DE,2011,771.482,
ESTAT:TEN00126(1.0),19/01/22 11:00:00,A,FC_TRA_E,R5210B,KTOE,DE,2012,780.991,
ESTAT:TEN00126(1.0),19/01/22 11:00:00,A,FC_TRA_E,R5210B,KTOE,DE,2013,758.169,
ESTAT:TEN00126(1.0),19/01/22 11:00:00,A,FC_TRA_E,R5210B,KTOE,DE,2014,774.017,
ESTAT:TEN00126(1.0),19/01/22 11:00:00,A,FC_TRA_E,R5210B,KTOE,DE,2015,740.420,
ESTAT:TEN00126(1.0),19/01/22 11:00:00,A,FC_TRA_E,R5210B,KTOE,DE,2016,744.857,
ESTAT:TEN00126(1.0),19/01/22 11:00:00,A,FC_TRA_E,R5210B,KTOE,DE,2017,733.446,
ESTAT:TEN00126(1.0),19/01/22 11:00:00,A,FC_TRA_E,R5210B,KTOE,DE,2018,746.759,
ESTAT:TEN00126(1.0),19/01/22 11:00:00,A,FC_TRA_E,R5210B,KTOE,DE,2019,718.866,
ESTAT:TEN00126(1.0),19/01/22 11:00:00,A,FC_TRA_E,R5210B,KTOE,DE,2020,690.340,
ESTAT:TEN00126(1.0),19/01/22 11:00:00,A,FC_TRA_E,R5210B,KTOE,DK,2009,5.102,
ESTAT:TEN00126(1.0),19/01/22 11:00:00,A,FC_TRA_E,R5210B,KTOE,DK,2010,26.784,
ESTAT:TEN00126(1.0),19/01/22 11:00:00,A,FC_TRA_E,R5210B,KTOE,DK,2011,47.191,
ESTAT:TEN00126(1.0),19/01/22 11:00:00,A,FC_TRA_E,R5210B,KTOE,DK,2012,50.380,
ESTAT:TEN00126(1.0),19/01/22 11:00:00,A,FC_TRA_E,R5210B,KTOE,DK,2013,45.916,
ESTAT:TEN00126(1.0),19/01/22 11:00:00,A,FC_TRA_E,R5210B,KTOE,DK,2014,44.640,
ESTAT:TEN00126(1.0),19/01/22 11:00:00,A,FC_TRA_E,R5210B,KTOE,DK,2015,44.003,
ESTAT:TEN00126(1.0),19/01/22 11:00:00,A,FC_TRA_E,R5210B,KTOE,DK,2016,43.902,
ESTAT:TEN00126(1.0),19/01/22 11:00:00,A,FC_TRA_E,R5210B,KTOE,DK,2017,43.596,
ESTAT:TEN00126(1.0),19/01/22 11:00:00,A,FC_TRA_E,R5210B,KTOE,DK,2018,42.931,
ESTAT:TEN00126(1.0),19/01/22 11:00:00,A,FC_TRA_E,R5210B,KTOE,DK,2019,43.696,
ESTAT:TEN00126(1.0),19/01/22 11:00:00,A,FC_TRA_E,R5210B,KTOE,DK,2020,79.754,
ESTAT:TEN00126(1.0),19/01/22 11:00:00,A,FC_TRA_E,R5210B,KTOE,EA19,2009,1594.515,
ESTAT:TEN00126(1.0),19/01/22 11:00:00,A,FC_TRA_E,R5210B,KTOE,EA19,2010,1921.037,
ESTAT:TEN00126(1.0),19/01/22 11:00:00,A,FC_TRA_E,R5210B,KTOE,EA19,2011,1952.674,
ESTAT:TEN00126(1.0),19/01/22 11:00:00,A,FC_TRA_E,R5210B,KTOE,EA19,2012,1910.232,
ESTAT:TEN00126(1.0),19/01/22 11:00:00,A,FC_TRA_E,R5210B,KTOE,EA19,2013,1778.800,
ESTAT:TEN00126(1.0),19/01/22 11:00:00,A,FC_TRA_E,R5210B,KTOE,EA19,2014,1764.454,
ESTAT:TEN00126(1.0),19/01/22 11:00:00,A,FC_TRA_E,R5210B,KTOE,EA19,2015,1797.030,
ESTAT:TEN00126(1.0),19/01/22 11:00:00,A,FC_TRA_E,R5210B,KTOE,EA19,2016,1773.613,
ESTAT:TEN00126(1.0),19/01/22 11:00:00,A,FC_TRA_E,R5210B,KTOE,EA19,2017,1885.090,
ESTAT:TEN00126(1.0),19/01/22 11:00:00,A,FC_TRA_E,R5210B,KTOE,EA19,2018,2034.620,
ESTAT:TEN00126(1.0),19/01/22 11:00:00,A,FC_TRA_E,R5210B,KTOE,EA19,2019,2129.944,
ESTAT:TEN00126(1.0),19/01/22 11:00:00,A,FC_TRA_E,R5210B,KTOE,EA19,2020,2026.693,
ESTAT:TEN00126(1.0),19/01/22 11:00:00,A,FC_TRA_E,R5210B,KTOE,EE,2009,0.095,
ESTAT:TEN00126(1.0),19/01/22 11:00:00,A,FC_TRA_E,R5210B,KTOE,EE,2010,4.481,
ESTAT:TEN00126(1.0),19/01/22 11:00:00,A,FC_TRA_E,R5210B,KTOE,EE,2011,3.841,
ESTAT:TEN00126(1.0),19/01/22 11:00:00,A,FC_TRA_E,R5210B,KTOE,EE,2012,3.841,
ESTAT:TEN00126(1.0),19/01/22 11:00:00,A,FC_TRA_E,R5210B,KTOE,EE,2013,3.201,
ESTAT:TEN00126(1.0),19/01/22 11:00:00,A,FC_TRA_E,R5210B,KTOE,EE,2014,5.121,
ESTAT:TEN00126(1.0),19/01/22 11:00:00,A,FC_TRA_E,R5210B,KTOE,EE,2015,2.560,
ESTAT:TEN00126(1.0),19/01/22 11:00:00,A,FC_TRA_E,R5210B,KTOE,EE,2016,1.920,
ESTAT:TEN00126(1.0),19/01/22 11:00:00,A,FC_TRA_E,R5210B,KTOE,EE,2017,0.960,
ESTAT:TEN00126(1.0),19/01/22 11:00:00,A,FC_TRA_E,R5210B,KTOE,EE,2018,4.901,
ESTAT:TEN00126(1.0),19/01/22 11:00:00,A,FC_TRA_E,R5210B,KTOE,EE,2019,7.377,
ESTAT:TEN00126(1.0),19/01/22 11:00:00,A,FC_TRA_E,R5210B,KTOE,EE,2020,6.188,
ESTAT:TEN00126(1.0),19/01/22 11:00:00,A,FC_TRA_E,R5210B,KTOE,EL,2009,0.000,
ESTAT:TEN00126(1.0),19/01/22 11:00:00,A,FC_TRA_E,R5210B,KTOE,EL,2010,0.000,
ESTAT:TEN00126(1.0),19/01/22 11:00:00,A,FC_TRA_E,R5210B,KTOE,EL,2011,0.000,
ESTAT:TEN00126(1.0),19/01/22 11:00:00,A,FC_TRA_E,R5210B,KTOE,EL,2012,0.000,
ESTAT:TEN00126(1.0),19/01/22 11:00:00,A,FC_TRA_E,R5210B,KTOE,EL,2013,0.000,
ESTAT:TEN00126(1.0),19/01/22 11:00:00,A,FC_TRA_E,R5210B,KTOE,EL,2014,0.000,
ESTAT:TEN00126(1.0),19/01/22 11:00:00,A,FC_TRA_E,R5210B,KTOE,EL,2015,0.000,
ESTAT:TEN00126(1.0),19/01/22 11:00:00,A,FC_TRA_E,R5210B,KTOE,EL,2016,0.000,
ESTAT:TEN00126(1.0),19/01/22 11:00:00,A,FC_TRA_E,R5210B,KTOE,EL,2017,0.000,
ESTAT:TEN00126(1.0),19/01/22 11:00:00,A,FC_TRA_E,R5210B,KTOE,EL,2018,0.000,
ESTAT:TEN00126(1.0),19/01/22 11:00:00,A,FC_TRA_E,R5210B,KTOE,EL,2019,23.883,
ESTAT:TEN00126(1.0),19/01/22 11:00:00,A,FC_TRA_E,R5210B,KTOE,EL,2020,62.669,
ESTAT:TEN00126(1.0),19/01/22 11:00:00,A,FC_TRA_E,R5210B,KTOE,ES,2009,152.837,
ESTAT:TEN00126(1.0),19/01/22 11:00:00,A,FC_TRA_E,R5210B,KTOE,ES,2010,232.158,
ESTAT:TEN00126(1.0),19/01/22 11:00:00,A,FC_TRA_E,R5210B,KTOE,ES,2011,226.999,
ESTAT:TEN00126(1.0),19/01/22 11:00:00,A,FC_TRA_E,R5210B,KTOE,ES,2012,199.914,
ESTAT:TEN00126(1.0),19/01/22 11:00:00,A,FC_TRA_E,R5210B,KTOE,ES,2013,168.315,
ESTAT:TEN00126(1.0),19/01/22 11:00:00,A,FC_TRA_E,R5210B,KTOE,ES,2014,187.661,
ESTAT:TEN00126(1.0),19/01/22 11:00:00,A,FC_TRA_E,R5210B,KTOE,ES,2015,190.003,
ESTAT:TEN00126(1.0),19/01/22 11:00:00,A,FC_TRA_E,R5210B,KTOE,ES,2016,134.229,
ESTAT:TEN00126(1.0),19/01/22 11:00:00,A,FC_TRA_E,R5210B,KTOE,ES,2017,138.005,
ESTAT:TEN00126(1.0),19/01/22 11:00:00,A,FC_TRA_E,R5210B,KTOE,ES,2018,153.637,
ESTAT:TEN00126(1.0),19/01/22 11:00:00,A,FC_TRA_E,R5210B,KTOE,ES,2019,129.731,
ESTAT:TEN00126(1.0),19/01/22 11:00:00,A,FC_TRA_E,R5210B,KTOE,ES,2020,85.882,
ESTAT:TEN00126(1.0),19/01/22 11:00:00,A,FC_TRA_E,R5210B,KTOE,EU27_2020,2009,2053.948,
ESTAT:TEN00126(1.0),19/01/22 11:00:00,A,FC_TRA_E,R5210B,KTOE,EU27_2020,2010,2457.566,
ESTAT:TEN00126(1.0),19/01/22 11:00:00,A,FC_TRA_E,R5210B,KTOE,EU27_2020,2011,2507.805,
ESTAT:TEN00126(1.0),19/01/22 11:00:00,A,FC_TRA_E,R5210B,KTOE,EU27_2020,2012,2441.926,
ESTAT:TEN00126(1.0),19/01/22 11:00:00,A,FC_TRA_E,R5210B,KTOE,EU27_2020,2013,2269.642,
ESTAT:TEN00126(1.0),19/01/22 11:00:00,A,FC_TRA_E,R5210B,KTOE,EU27_2020,2014,2262.948,
ESTAT:TEN00126(1.0),19/01/22 11:00:00,A,FC_TRA_E,R5210B,KTOE,EU27_2020,2015,2306.240,
ESTAT:TEN00126(1.0),19/01/22 11:00:00,A,FC_TRA_E,R5210B,KTOE,EU27_2020,2016,2281.783,
ESTAT:TEN00126(1.0),19/01/22 11:00:00,A,FC_TRA_E,R5210B,KTOE,EU27_2020,2017,2414.330,
ESTAT:TEN00126(1.0),19/01/22 11:00:00,A,FC_TRA_E,R5210B,KTOE,EU27_2020,2018,2594.872,
ESTAT:TEN00126(1.0),19/01/22 11:00:00,A,FC_TRA_E,R5210B,KTOE,EU27_2020,2019,2700.824,
ESTAT:TEN00126(1.0),19/01/22 11:00:00,A,FC_TRA_E,R5210B,KTOE,EU27_2020,2020,2652.202,
ESTAT:TEN00126(1.0),19/01/22 11:00:00,A,FC_TRA_E,R5210B,KTOE,FI,2009,73.479,
ESTAT:TEN00126(1.0),19/01/22 11:00:00,A,FC_TRA_E,R5210B,KTOE,FI,2010,77.619,
ESTAT:TEN00126(1.0),19/01/22 11:00:00,A,FC_TRA_E,R5210B,KTOE,FI,2011,88.004,
ESTAT:TEN00126(1.0),19/01/22 11:00:00,A,FC_TRA_E,R5210B,KTOE,FI,2012,91.402,
ESTAT:TEN00126(1.0),19/01/22 11:00:00,A,FC_TRA_E,R5210B,KTOE,FI,2013,66.265,
ESTAT:TEN00126(1.0),19/01/22 11:00:00,A,FC_TRA_E,R5210B,KTOE,FI,2014,69.955,
ESTAT:TEN00126(1.0),19/01/22 11:00:00,A,FC_TRA_E,R5210B,KTOE,FI,2015,65.579,
ESTAT:TEN00126(1.0),19/01/22 11:00:00,A,FC_TRA_E,R5210B,KTOE,FI,2016,67.626,
ESTAT:TEN00126(1.0),19/01/22 11:00:00,A,FC_TRA_E,R5210B,KTOE,FI,2017,80.724,
ESTAT:TEN00126(1.0),19/01/22 11:00:00,A,FC_TRA_E,R5210B,KTOE,FI,2018,84.389,
ESTAT:TEN00126(1.0),19/01/22 11:00:00,A,FC_TRA_E,R5210B,KTOE,FI,2019,89.157,
ESTAT:TEN00126(1.0),19/01/22 11:00:00,A,FC_TRA_E,R5210B,KTOE,FI,2020,93.473,
ESTAT:TEN00126(1.0),19/01/22 11:00:00,A,FC_TRA_E,R5210B,KTOE,FR,2009,402.408,
ESTAT:TEN00126(1.0),19/01/22 11:00:00,A,FC_TRA_E,R5210B,KTOE,FR,2010,398.538,
ESTAT:TEN00126(1.0),19/01/22 11:00:00,A,FC_TRA_E,R5210B,KTOE,FR,2011,393.379,
ESTAT:TEN00126(1.0),19/01/22 11:00:00,A,FC_TRA_E,R5210B,KTOE,FR,2012,403.052,
ESTAT:TEN00126(1.0),19/01/22 11:00:00,A,FC_TRA_E,R5210B,KTOE,FR,2013,394.669,
ESTAT:TEN00126(1.0),19/01/22 11:00:00,A,FC_TRA_E,R5210B,KTOE,FR,2014,413.308,
ESTAT:TEN00126(1.0),19/01/22 11:00:00,A,FC_TRA_E,R5210B,KTOE,FR,2015,432.003,
ESTAT:TEN00126(1.0),19/01/22 11:00:00,A,FC_TRA_E,R5210B,KTOE,FR,2016,476.234,
ESTAT:TEN00126(1.0),19/01/22 11:00:00,A,FC_TRA_E,R5210B,KTOE,FR,2017,537.959,
ESTAT:TEN00126(1.0),19/01/22 11:00:00,A,FC_TRA_E,R5210B,KTOE,FR,2018,585.982,
ESTAT:TEN00126(1.0),19/01/22 11:00:00,A,FC_TRA_E,R5210B,KTOE,FR,2019,653.279,
ESTAT:TEN00126(1.0),19/01/22 11:00:00,A,FC_TRA_E,R5210B,KTOE,FR,2020,554.633,
ESTAT:TEN00126(1.0),19/01/22 11:00:00,A,FC_TRA_E,R5210B,KTOE,GE,2013,0.000,
ESTAT:TEN00126(1.0),19/01/22 11:00:00,A,FC_TRA_E,R5210B,KTOE,GE,2014,0.000,
ESTAT:TEN00126(1.0),19/01/22 11:00:00,A,FC_TRA_E,R5210B,KTOE,GE,2015,0.000,
ESTAT:TEN00126(1.0),19/01/22 11:00:00,A,FC_TRA_E,R5210B,KTOE,GE,2016,0.000,
ESTAT:TEN00126(1.0),19/01/22 11:00:00,A,FC_TRA_E,R5210B,KTOE,GE,2017,0.000,
ESTAT:TEN00126(1.0),19/01/22 11:00:00,A,FC_TRA_E,R5210B,KTOE,GE,2018,0.000,
ESTAT:TEN00126(1.0),19/01/22 11:00:00,A,FC_TRA_E,R5210B,KTOE,GE,2019,0.000,
ESTAT:TEN00126(1.0),19/01/22 11:00:00,A,FC_TRA_E,R5210B,KTOE,GE,2020,0.000,
ESTAT:TEN00126(1.0),19/01/22 11:00:00,A,FC_TRA_E,R5210B,KTOE,HR,2009,2.548,
ESTAT:TEN00126(1.0),19/01/22 11:00:00,A,FC_TRA_E,R5210B,KTOE,HR,2010,0.000,
ESTAT:TEN00126(1.0),19/01/22 11:00:00,A,FC_TRA_E,R5210B,KTOE,HR,2011,1.274,
ESTAT:TEN00126(1.0),19/01/22 11:00:00,A,FC_TRA_E,R5210B,KTOE,HR,2012,1.274,
ESTAT:TEN00126(1.0),19/01/22 11:00:00,A,FC_TRA_E,R5210B,KTOE,HR,2013,1.274,
ESTAT:TEN00126(1.0),19/01/22 11:00:00,A,FC_TRA_E,R5210B,KTOE,HR,2014,0.000,
ESTAT:TEN00126(1.0),19/01/22 11:00:00,A,FC_TRA_E,R5210B,KTOE,HR,2015,0.000,
ESTAT:TEN00126(1.0),19/01/22 11:00:00,A,FC_TRA_E,R5210B,KTOE,HR,2016,0.000,
ESTAT:TEN00126(1.0),19/01/22 11:00:00,A,FC_TRA_E,R5210B,KTOE,HR,2017,0.263,
ESTAT:TEN00126(1.0),19/01/22 11:00:00,A,FC_TRA_E,R5210B,KTOE,HR,2018,0.403,
ESTAT:TEN00126(1.0),19/01/22 11:00:00,A,FC_TRA_E,R5210B,KTOE,HR,2019,0.957,
ESTAT:TEN00126(1.0),19/01/22 11:00:00,A,FC_TRA_E,R5210B,KTOE,HR,2020,0.758,
ESTAT:TEN00126(1.0),19/01/22 11:00:00,A,FC_TRA_E,R5210B,KTOE,HU,2009,46.379,
ESTAT:TEN00126(1.0),19/01/22 11:00:00,A,FC_TRA_E,R5210B,KTOE,HU,2010,56.544,
ESTAT:TEN00126(1.0),19/01/22 11:00:00,A,FC_TRA_E,R5210B,KTOE,HU,2011,54.638,
ESTAT:TEN00126(1.0),19/01/22 11:00:00,A,FC_TRA_E,R5210B,KTOE,HU,2012,50.826,
ESTAT:TEN00126(1.0),19/01/22 11:00:00,A,FC_TRA_E,R5210B,KTOE,HU,2013,31.131,
ESTAT:TEN00126(1.0),19/01/22 11:00:00,A,FC_TRA_E,R5210B,KTOE,HU,2014,60.356,
ESTAT:TEN00126(1.0),19/01/22 11:00:00,A,FC_TRA_E,R5210B,KTOE,HU,2015,42.567,
ESTAT:TEN00126(1.0),19/01/22 11:00:00,A,FC_TRA_E,R5210B,KTOE,HU,2016,43.838,
ESTAT:TEN00126(1.0),19/01/22 11:00:00,A,FC_TRA_E,R5210B,KTOE,HU,2017,45.108,
ESTAT:TEN00126(1.0),19/01/22 11:00:00,A,FC_TRA_E,R5210B,KTOE,HU,2018,50.826,
ESTAT:TEN00126(1.0),19/01/22 11:00:00,A,FC_TRA_E,R5210B,KTOE,HU,2019,45.744,
ESTAT:TEN00126(1.0),19/01/22 11:00:00,A,FC_TRA_E,R5210B,KTOE,HU,2020,83.864,
ESTAT:TEN00126(1.0),19/01/22 11:00:00,A,FC_TRA_E,R5210B,KTOE,IE,2009,22.811,
ESTAT:TEN00126(1.0),19/01/22 11:00:00,A,FC_TRA_E,R5210B,KTOE,IE,2010,30.161,
ESTAT:TEN00126(1.0),19/01/22 11:00:00,A,FC_TRA_E,R5210B,KTOE,IE,2011,23.642,
ESTAT:TEN00126(1.0),19/01/22 11:00:00,A,FC_TRA_E,R5210B,KTOE,IE,2012,28.644,
ESTAT:TEN00126(1.0),19/01/22 11:00:00,A,FC_TRA_E,R5210B,KTOE,IE,2013,27.709,
ESTAT:TEN00126(1.0),19/01/22 11:00:00,A,FC_TRA_E,R5210B,KTOE,IE,2014,24.801,
ESTAT:TEN00126(1.0),19/01/22 11:00:00,A,FC_TRA_E,R5210B,KTOE,IE,2015,24.140,
ESTAT:TEN00126(1.0),19/01/22 11:00:00,A,FC_TRA_E,R5210B,KTOE,IE,2016,26.766,
ESTAT:TEN00126(1.0),19/01/22 11:00:00,A,FC_TRA_E,R5210B,KTOE,IE,2017,29.610,
ESTAT:TEN00126(1.0),19/01/22 11:00:00,A,FC_TRA_E,R5210B,KTOE,IE,2018,27.277,
ESTAT:TEN00126(1.0),19/01/22 11:00:00,A,FC_TRA_E,R5210B,KTOE,IE,2019,26.194,
ESTAT:TEN00126(1.0),19/01/22 11:00:00,A,FC_TRA_E,R5210B,KTOE,IE,2020,19.439,
ESTAT:TEN00126(1.0),19/01/22 11:00:00,A,FC_TRA_E,R5210B,KTOE,IS,2009,0.000,
ESTAT:TEN00126(1.0),19/01/22 11:00:00,A,FC_TRA_E,R5210B,KTOE,IS,2010,0.000,
ESTAT:TEN00126(1.0),19/01/22 11:00:00,A,FC_TRA_E,R5210B,KTOE,IS,2011,0.000,
ESTAT:TEN00126(1.0),19/01/22 11:00:00,A,FC_TRA_E,R5210B,KTOE,IS,2012,0.000,
ESTAT:TEN00126(1.0),19/01/22 11:00:00,A,FC_TRA_E,R5210B,KTOE,IS,2013,0.000,
ESTAT:TEN00126(1.0),19/01/22 11:00:00,A,FC_TRA_E,R5210B,KTOE,IS,2014,0.000,
ESTAT:TEN00126(1.0),19/01/22 11:00:00,A,FC_TRA_E,R5210B,KTOE,IS,2015,1.290,
ESTAT:TEN00126(1.0),19/01/22 11:00:00,A,FC_TRA_E,R5210B,KTOE,IS,2016,2.962,
ESTAT:TEN00126(1.0),19/01/22 11:00:00,A,FC_TRA_E,R5210B,KTOE,IS,2017,2.881,
ESTAT:TEN00126(1.0),19/01/22 11:00:00,A,FC_TRA_E,R5210B,KTOE,IS,2018,3.875,
ESTAT:TEN00126(1.0),19/01/22 11:00:00,A,FC_TRA_E,R5210B,KTOE,IS,2019,3.826,
ESTAT:TEN00126(1.0),19/01/22 11:00:00,A,FC_TRA_E,R5210B,KTOE,IS,2020,6.796,
ESTAT:TEN00126(1.0),19/01/22 11:00:00,A,FC_TRA_E,R5210B,KTOE,IT,2009,92.863,
ESTAT:TEN00126(1.0),19/01/22 11:00:00,A,FC_TRA_E,R5210B,KTOE,IT,2010,122.084,
ESTAT:TEN00126(1.0),19/01/22 11:00:00,A,FC_TRA_E,R5210B,KTOE,IT,2011,114.267,
ESTAT:TEN00126(1.0),19/01/22 11:00:00,A,FC_TRA_E,R5210B,KTOE,IT,2012,105.082,
ESTAT:TEN00126(1.0),19/01/22 11:00:00,A,FC_TRA_E,R5210B,KTOE,IT,2013,74.318,
ESTAT:TEN00126(1.0),19/01/22 11:00:00,A,FC_TRA_E,R5210B,KTOE,IT,2014,10.001,
ESTAT:TEN00126(1.0),19/01/22 11:00:00,A,FC_TRA_E,R5210B,KTOE,IT,2015,24.802,
ESTAT:TEN00126(1.0),19/01/22 11:00:00,A,FC_TRA_E,R5210B,KTOE,IT,2016,32.543,
ESTAT:TEN00126(1.0),19/01/22 11:00:00,A,FC_TRA_E,R5210B,KTOE,IT,2017,33.061,
ESTAT:TEN00126(1.0),19/01/22 11:00:00,A,FC_TRA_E,R5210B,KTOE,IT,2018,32.611,
ESTAT:TEN00126(1.0),19/01/22 11:00:00,A,FC_TRA_E,R5210B,KTOE,IT,2019,30.436,
ESTAT:TEN00126(1.0),19/01/22 11:00:00,A,FC_TRA_E,R5210B,KTOE,IT,2020,19.636,
ESTAT:TEN00126(1.0),19/01/22 11:00:00,A,FC_TRA_E,R5210B,KTOE,LT,2009,13.543,
ESTAT:TEN00126(1.0),19/01/22 11:00:00,A,FC_TRA_E,R5210B,KTOE,LT,2010,10.318,
ESTAT:TEN00126(1.0),19/01/22 11:00:00,A,FC_TRA_E,R5210B,KTOE,LT,2011,9.673,
ESTAT:TEN00126(1.0),19/01/22 11:00:00,A,FC_TRA_E,R5210B,KTOE,LT,2012,8.383,
ESTAT:TEN00126(1.0),19/01/22 11:00:00,A,FC_TRA_E,R5210B,KTOE,LT,2013,6.449,
ESTAT:TEN00126(1.0),19/01/22 11:00:00,A,FC_TRA_E,R5210B,KTOE,LT,2014,5.804,
ESTAT:TEN00126(1.0),19/01/22 11:00:00,A,FC_TRA_E,R5210B,KTOE,LT,2015,9.673,
ESTAT:TEN00126(1.0),19/01/22 11:00:00,A,FC_TRA_E,R5210B,KTOE,LT,2016,6.449,
ESTAT:TEN00126(1.0),19/01/22 11:00:00,A,FC_TRA_E,R5210B,KTOE,LT,2017,8.255,
ESTAT:TEN00126(1.0),19/01/22 11:00:00,A,FC_TRA_E,R5210B,KTOE,LT,2018,7.997,
ESTAT:TEN00126(1.0),19/01/22 11:00:00,A,FC_TRA_E,R5210B,KTOE,LT,2019,9.738,
ESTAT:TEN00126(1.0),19/01/22 11:00:00,A,FC_TRA_E,R5210B,KTOE,LT,2020,15.735,
ESTAT:TEN00126(1.0),19/01/22 11:00:00,A,FC_TRA_E,R5210B,KTOE,LU,2009,0.735,
ESTAT:TEN00126(1.0),19/01/22 11:00:00,A,FC_TRA_E,R5210B,KTOE,LU,2010,0.715,
ESTAT:TEN00126(1.0),19/01/22 11:00:00,A,FC_TRA_E,R5210B,KTOE,LU,2011,6.376,
ESTAT:TEN00126(1.0),19/01/22 11:00:00,A,FC_TRA_E,R5210B,KTOE,LU,2012,1.277,
ESTAT:TEN00126(1.0),19/01/22 11:00:00,A,FC_TRA_E,R5210B,KTOE,LU,2013,0.642,
ESTAT:TEN00126(1.0),19/01/22 11:00:00,A,FC_TRA_E,R5210B,KTOE,LU,2014,3.093,
ESTAT:TEN00126(1.0),19/01/22 11:00:00,A,FC_TRA_E,R5210B,KTOE,LU,2015,7.150,
ESTAT:TEN00126(1.0),19/01/22 11:00:00,A,FC_TRA_E,R5210B,KTOE,LU,2016,8.838,
ESTAT:TEN00126(1.0),19/01/22 11:00:00,A,FC_TRA_E,R5210B,KTOE,LU,2017,6.712,
ESTAT:TEN00126(1.0),19/01/22 11:00:00,A,FC_TRA_E,R5210B,KTOE,LU,2018,9.991,
ESTAT:TEN00126(1.0),19/01/22 11:00:00,A,FC_TRA_E,R5210B,KTOE,LU,2019,17.053,
ESTAT:TEN00126(1.0),19/01/22 11:00:00,A,FC_TRA_E,R5210B,KTOE,LU,2020,13.810,
ESTAT:TEN00126(1.0),19/01/22 11:00:00,A,FC_TRA_E,R5210B,KTOE,LV,2009,2.560,
ESTAT:TEN00126(1.0),19/01/22 11:00:00,A,FC_TRA_E,R5210B,KTOE,LV,2010,8.321,
ESTAT:TEN00126(1.0),19/01/22 11:00:00,A,FC_TRA_E,R5210B,KTOE,LV,2011,7.681,
ESTAT:TEN00126(1.0),19/01/22 11:00:00,A,FC_TRA_E,R5210B,KTOE,LV,2012,6.401,
ESTAT:TEN00126(1.0),19/01/22 11:00:00,A,FC_TRA_E,R5210B,KTOE,LV,2013,6.401,
ESTAT:TEN00126(1.0),19/01/22 11:00:00,A,FC_TRA_E,R5210B,KTOE,LV,2014,6.401,
ESTAT:TEN00126(1.0),19/01/22 11:00:00,A,FC_TRA_E,R5210B,KTOE,LV,2015,7.681,
ESTAT:TEN00126(1.0),19/01/22 11:00:00,A,FC_TRA_E,R5210B,KTOE,LV,2016,8.321,
ESTAT:TEN00126(1.0),19/01/22 11:00:00,A,FC_TRA_E,R5210B,KTOE,LV,2017,7.912,
ESTAT:TEN00126(1.0),19/01/22 11:00:00,A,FC_TRA_E,R5210B,KTOE,LV,2018,8.460,
ESTAT:TEN00126(1.0),19/01/22 11:00:00,A,FC_TRA_E,R5210B,KTOE,LV,2019,7.307,
ESTAT:TEN00126(1.0),19/01/22 11:00:00,A,FC_TRA_E,R5210B,KTOE,LV,2020,12.750,
ESTAT:TEN00126(1.0),19/01/22 11:00:00,A,FC_TRA_E,R5210B,KTOE,MD,2010,0.000,
ESTAT:TEN00126(1.0),19/01/22 11:00:00,A,FC_TRA_E,R5210B,KTOE,MD,2011,0.000,
ESTAT:TEN00126(1.0),19/01/22 11:00:00,A,FC_TRA_E,R5210B,KTOE,MD,2012,0.000,
ESTAT:TEN00126(1.0),19/01/22 11:00:00,A,FC_TRA_E,R5210B,KTOE,MD,2013,0.000,
ESTAT:TEN00126(1.0),19/01/22 11:00:00,A,FC_TRA_E,R5210B,KTOE,MD,2014,0.000,
ESTAT:TEN00126(1.0),19/01/22 11:00:00,A,FC_TRA_E,R5210B,KTOE,MD,2015,0.000,
ESTAT:TEN00126(1.0),19/01/22 11:00:00,A,FC_TRA_E,R5210B,KTOE,MD,2016,0.000,
ESTAT:TEN00126(1.0),19/01/22 11:00:00,A,FC_TRA_E,R5210B,KTOE,MD,2017,0.000,
ESTAT:TEN00126(1.0),19/01/22 11:00:00,A,FC_TRA_E,R5210B,KTOE,MD,2018,0.000,
ESTAT:TEN00126(1.0),19/01/22 11:00:00,A,FC_TRA_E,R5210B,KTOE,MD,2019,0.000,
ESTAT:TEN00126(1.0),19/01/22 11:00:00,A,FC_TRA_E,R5210B,KTOE,MD,2020,0.000,
ESTAT:TEN00126(1.0),19/01/22 11:00:00,A,FC_TRA_E,R5210B,KTOE,ME,2009,0.000,
ESTAT:TEN00126(1.0),19/01/22 11:00:00,A,FC_TRA_E,R5210B,KTOE,ME,2010,0.000,
ESTAT:TEN00126(1.0),19/01/22 11:00:00,A,FC_TRA_E,R5210B,KTOE,ME,2011,0.000,
ESTAT:TEN00126(1.0),19/01/22 11:00:00,A,FC_TRA_E,R5210B,KTOE,ME,2012,0.000,
ESTAT:TEN00126(1.0),19/01/22 11:00:00,A,FC_TRA_E,R5210B,KTOE,ME,2013,0.000,
ESTAT:TEN00126(1.0),19/01/22 11:00:00,A,FC_TRA_E,R5210B,KTOE,ME,2014,0.000,
ESTAT:TEN00126(1.0),19/01/22 11:00:00,A,FC_TRA_E,R5210B,KTOE,ME,2015,0.000,
ESTAT:TEN00126(1.0),19/01/22 11:00:00,A,FC_TRA_E,R5210B,KTOE,ME,2016,0.000,
ESTAT:TEN00126(1.0),19/01/22 11:00:00,A,FC_TRA_E,R5210B,KTOE,ME,2017,0.000,
ESTAT:TEN00126(1.0),19/01/22 11:00:00,A,FC_TRA_E,R5210B,KTOE,ME,2018,0.000,
ESTAT:TEN00126(1.0),19/01/22 11:00:00,A,FC_TRA_E,R5210B,KTOE,ME,2019,0.000,
ESTAT:TEN00126(1.0),19/01/22 11:00:00,A,FC_TRA_E,R5210B,KTOE,ME,2020,0.000,
ESTAT:TEN00126(1.0),19/01/22 11:00:00,A,FC_TRA_E,R5210B,KTOE,MK,2009,0.000,
ESTAT:TEN00126(1.0),19/01/22 11:00:00,A,FC_TRA_E,R5210B,KTOE,MK,2010,0.000,
ESTAT:TEN00126(1.0),19/01/22 11:00:00,A,FC_TRA_E,R5210B,KTOE,MK,2011,0.000,
ESTAT:TEN00126(1.0),19/01/22 11:00:00,A,FC_TRA_E,R5210B,KTOE,MK,2012,0.000,
ESTAT:TEN00126(1.0),19/01/22 11:00:00,A,FC_TRA_E,R5210B,KTOE,MK,2013,0.000,
ESTAT:TEN00126(1.0),19/01/22 11:00:00,A,FC_TRA_E,R5210B,KTOE,MK,2014,0.000,
ESTAT:TEN00126(1.0),19/01/22 11:00:00,A,FC_TRA_E,R5210B,KTOE,MK,2015,0.000,
ESTAT:TEN00126(1.0),19/01/22 11:00:00,A,FC_TRA_E,R5210B,KTOE,MK,2016,0.000,
ESTAT:TEN00126(1.0),19/01/22 11:00:00,A,FC_TRA_E,R5210B,KTOE,MK,2017,0.000,
ESTAT:TEN00126(1.0),19/01/22 11:00:00,A,FC_TRA_E,R5210B,KTOE,MK,2018,0.000,
ESTAT:TEN00126(1.0),19/01/22 11:00:00,A,FC_TRA_E,R5210B,KTOE,MK,2019,0.000,
ESTAT:TEN00126(1.0),19/01/22 11:00:00,A,FC_TRA_E,R5210B,KTOE,MK,2020,0.000,
ESTAT:TEN00126(1.0),19/01/22 11:00:00,A,FC_TRA_E,R5210B,KTOE,MT,2009,0.000,
ESTAT:TEN00126(1.0),19/01/22 11:00:00,A,FC_TRA_E,R5210B,KTOE,MT,2010,0.000,
ESTAT:TEN00126(1.0),19/01/22 11:00:00,A,FC_TRA_E,R5210B,KTOE,MT,2011,0.000,
ESTAT:TEN00126(1.0),19/01/22 11:00:00,A,FC_TRA_E,R5210B,KTOE,MT,2012,0.000,
ESTAT:TEN00126(1.0),19/01/22 11:00:00,A,FC_TRA_E,R5210B,KTOE,MT,2013,0.000,
ESTAT:TEN00126(1.0),19/01/22 11:00:00,A,FC_TRA_E,R5210B,KTOE,MT,2014,0.000,
ESTAT:TEN00126(1.0),19/01/22 11:00:00,A,FC_TRA_E,R5210B,KTOE,MT,2015,0.000,
ESTAT:TEN00126(1.0),19/01/22 11:00:00,A,FC_TRA_E,R5210B,KTOE,MT,2016,0.000,
ESTAT:TEN00126(1.0),19/01/22 11:00:00,A,FC_TRA_E,R5210B,KTOE,MT,2017,0.000,
ESTAT:TEN00126(1.0),19/01/22 11:00:00,A,FC_TRA_E,R5210B,KTOE,MT,2018,0.000,
ESTAT:TEN00126(1.0),19/01/22 11:00:00,A,FC_TRA_E,R5210B,KTOE,MT,2019,0.000,
ESTAT:TEN00126(1.0),19/01/22 11:00:00,A,FC_TRA_E,R5210B,KTOE,MT,2020,0.000,
ESTAT:TEN00126(1.0),19/01/22 11:00:00,A,FC_TRA_E,R5210B,KTOE,NL,2009,138.378,
ESTAT:TEN00126(1.0),19/01/22 11:00:00,A,FC_TRA_E,R5210B,KTOE,NL,2010,134.136,
ESTAT:TEN00126(1.0),19/01/22 11:00:00,A,FC_TRA_E,R5210B,KTOE,NL,2011,148.968,
ESTAT:TEN00126(1.0),19/01/22 11:00:00,A,FC_TRA_E,R5210B,KTOE,NL,2012,124.463,
ESTAT:TEN00126(1.0),19/01/22 11:00:00,A,FC_TRA_E,R5210B,KTOE,NL,2013,125.107,
ESTAT:TEN00126(1.0),19/01/22 11:00:00,A,FC_TRA_E,R5210B,KTOE,NL,2014,128.332,
ESTAT:TEN00126(1.0),19/01/22 11:00:00,A,FC_TRA_E,R5210B,KTOE,NL,2015,141.874,
ESTAT:TEN00126(1.0),19/01/22 11:00:00,A,FC_TRA_E,R5210B,KTOE,NL,2016,120.593,
ESTAT:TEN00126(1.0),19/01/22 11:00:00,A,FC_TRA_E,R5210B,KTOE,NL,2017,128.942,
ESTAT:TEN00126(1.0),19/01/22 11:00:00,A,FC_TRA_E,R5210B,KTOE,NL,2018,170.686,
ESTAT:TEN00126(1.0),19/01/22 11:00:00,A,FC_TRA_E,R5210B,KTOE,NL,2019,198.741,
ESTAT:TEN00126(1.0),19/01/22 11:00:00,A,FC_TRA_E,R5210B,KTOE,NL,2020,226.450,
ESTAT:TEN00126(1.0),19/01/22 11:00:00,A,FC_TRA_E,R5210B,KTOE,NO,2009,0.640,
ESTAT:TEN00126(1.0),19/01/22 11:00:00,A,FC_TRA_E,R5210B,KTOE,NO,2010,4.481,
ESTAT:TEN00126(1.0),19/01/22 11:00:00,A,FC_TRA_E,R5210B,KTOE,NO,2011,7.681,
ESTAT:TEN00126(1.0),19/01/22 11:00:00,A,FC_TRA_E,R5210B,KTOE,NO,2012,8.961,
ESTAT:TEN00126(1.0),19/01/22 11:00:00,A,FC_TRA_E,R5210B,KTOE,NO,2013,10.882,
ESTAT:TEN00126(1.0),19/01/22 11:00:00,A,FC_TRA_E,R5210B,KTOE,NO,2014,9.602,
ESTAT:TEN00126(1.0),19/01/22 11:00:00,A,FC_TRA_E,R5210B,KTOE,NO,2015,10.242,
ESTAT:TEN00126(1.0),19/01/22 11:00:00,A,FC_TRA_E,R5210B,KTOE,NO,2016,32.005,
ESTAT:TEN00126(1.0),19/01/22 11:00:00,A,FC_TRA_E,R5210B,KTOE,NO,2017,32.645,
ESTAT:TEN00126(1.0),19/01/22 11:00:00,A,FC_TRA_E,R5210B,KTOE,NO,2018,35.846,
ESTAT:TEN00126(1.0),19/01/22 11:00:00,A,FC_TRA_E,R5210B,KTOE,NO,2019,46.643,
ESTAT:TEN00126(1.0),19/01/22 11:00:00,A,FC_TRA_E,R5210B,KTOE,NO,2020,42.138,
ESTAT:TEN00126(1.0),19/01/22 11:00:00,A,FC_TRA_E,R5210B,KTOE,PL,2009,168.358,
ESTAT:TEN00126(1.0),19/01/22 11:00:00,A,FC_TRA_E,R5210B,KTOE,PL,2010,169.633,
ESTAT:TEN00126(1.0),19/01/22 11:00:00,A,FC_TRA_E,R5210B,KTOE,PL,2011,160.705,
ESTAT:TEN00126(1.0),19/01/22 11:00:00,A,FC_TRA_E,R5210B,KTOE,PL,2012,138.385,
ESTAT:TEN00126(1.0),19/01/22 11:00:00,A,FC_TRA_E,R5210B,KTOE,PL,2013,144.124,
ESTAT:TEN00126(1.0),19/01/22 11:00:00,A,FC_TRA_E,R5210B,KTOE,PL,2014,132.846,
ESTAT:TEN00126(1.0),19/01/22 11:00:00,A,FC_TRA_E,R5210B,KTOE,PL,2015,153.482,
ESTAT:TEN00126(1.0),19/01/22 11:00:00,A,FC_TRA_E,R5210B,KTOE,PL,2016,167.670,
ESTAT:TEN00126(1.0),19/01/22 11:00:00,A,FC_TRA_E,R5210B,KTOE,PL,2017,176.160,
ESTAT:TEN00126(1.0),19/01/22 11:00:00,A,FC_TRA_E,R5210B,KTOE,PL,2018,172.839,
ESTAT:TEN00126(1.0),19/01/22 11:00:00,A,FC_TRA_E,R5210B,KTOE,PL,2019,187.318,
ESTAT:TEN00126(1.0),19/01/22 11:00:00,A,FC_TRA_E,R5210B,KTOE,PL,2020,183.016,
ESTAT:TEN00126(1.0),19/01/22 11:00:00,A,FC_TRA_E,R5210B,KTOE,PT,2009,0.000,
ESTAT:TEN00126(1.0),19/01/22 11:00:00,A,FC_TRA_E,R5210B,KTOE,PT,2010,0.000,
ESTAT:TEN00126(1.0),19/01/22 11:00:00,A,FC_TRA_E,R5210B,KTOE,PT,2011,0.000,
ESTAT:TEN00126(1.0),19/01/22 11:00:00,A,FC_TRA_E,R5210B,KTOE,PT,2012,1.290,
ESTAT:TEN00126(1.0),19/01/22 11:00:00,A,FC_TRA_E,R5210B,KTOE,PT,2013,1.935,
ESTAT:TEN00126(1.0),19/01/22 11:00:00,A,FC_TRA_E,R5210B,KTOE,PT,2014,1.935,
ESTAT:TEN00126(1.0),19/01/22 11:00:00,A,FC_TRA_E,R5210B,KTOE,PT,2015,21.281,
ESTAT:TEN00126(1.0),19/01/22 11:00:00,A,FC_TRA_E,R5210B,KTOE,PT,2016,25.150,
ESTAT:TEN00126(1.0),19/01/22 11:00:00,A,FC_TRA_E,R5210B,KTOE,PT,2017,2.947,
ESTAT:TEN00126(1.0),19/01/22 11:00:00,A,FC_TRA_E,R5210B,KTOE,PT,2018,5.600,
ESTAT:TEN00126(1.0),19/01/22 11:00:00,A,FC_TRA_E,R5210B,KTOE,PT,2019,8.185,
ESTAT:TEN00126(1.0),19/01/22 11:00:00,A,FC_TRA_E,R5210B,KTOE,PT,2020,6.417,
ESTAT:TEN00126(1.0),19/01/22 11:00:00,A,FC_TRA_E,R5210B,KTOE,RO,2009,2.580,
ESTAT:TEN00126(1.0),19/01/22 11:00:00,A,FC_TRA_E,R5210B,KTOE,RO,2010,47.077,
ESTAT:TEN00126(1.0),19/01/22 11:00:00,A,FC_TRA_E,R5210B,KTOE,RO,2011,47.721,
ESTAT:TEN00126(1.0),19/01/22 11:00:00,A,FC_TRA_E,R5210B,KTOE,RO,2012,59.329,
ESTAT:TEN00126(1.0),19/01/22 11:00:00,A,FC_TRA_E,R5210B,KTOE,RO,2013,55.689,
ESTAT:TEN00126(1.0),19/01/22 11:00:00,A,FC_TRA_E,R5210B,KTOE,RO,2014,41.607,
ESTAT:TEN00126(1.0),19/01/22 11:00:00,A,FC_TRA_E,R5210B,KTOE,RO,2015,61.450,
ESTAT:TEN00126(1.0),19/01/22 11:00:00,A,FC_TRA_E,R5210B,KTOE,RO,2016,81.294,
ESTAT:TEN00126(1.0),19/01/22 11:00:00,A,FC_TRA_E,R5210B,KTOE,RO,2017,91.073,
ESTAT:TEN00126(1.0),19/01/22 11:00:00,A,FC_TRA_E,R5210B,KTOE,RO,2018,90.437,
ESTAT:TEN00126(1.0),19/01/22 11:00:00,A,FC_TRA_E,R5210B,KTOE,RO,2019,97.813,
ESTAT:TEN00126(1.0),19/01/22 11:00:00,A,FC_TRA_E,R5210B,KTOE,RO,2020,91.629,
ESTAT:TEN00126(1.0),19/01/22 11:00:00,A,FC_TRA_E,R5210B,KTOE,RS,2009,0.000,
ESTAT:TEN00126(1.0),19/01/22 11:00:00,A,FC_TRA_E,R5210B,KTOE,RS,2010,0.000,
ESTAT:TEN00126(1.0),19/01/22 11:00:00,A,FC_TRA_E,R5210B,KTOE,RS,2011,0.000,
ESTAT:TEN00126(1.0),19/01/22 11:00:00,A,FC_TRA_E,R5210B,KTOE,RS,2012,0.000,
ESTAT:TEN00126(1.0),19/01/22 11:00:00,A,FC_TRA_E,R5210B,KTOE,RS,2013,0.000,
ESTAT:TEN00126(1.0),19/01/22 11:00:00,A,FC_TRA_E,R5210B,KTOE,RS,2014,0.000,
ESTAT:TEN00126(1.0),19/01/22 11:00:00,A,FC_TRA_E,R5210B,KTOE,RS,2015,0.000,
ESTAT:TEN00126(1.0),19/01/22 11:00:00,A,FC_TRA_E,R5210B,KTOE,RS,2016,0.000,
ESTAT:TEN00126(1.0),19/01/22 11:00:00,A,FC_TRA_E,R5210B,KTOE,RS,2017,0.000,
ESTAT:TEN00126(1.0),19/01/22 11:00:00,A,FC_TRA_E,R5210B,KTOE,RS,2018,0.000,
ESTAT:TEN00126(1.0),19/01/22 11:00:00,A,FC_TRA_E,R5210B,KTOE,RS,2019,0.000,
ESTAT:TEN00126(1.0),19/01/22 11:00:00,A,FC_TRA_E,R5210B,KTOE,RS,2020,0.000,
ESTAT:TEN00126(1.0),19/01/22 11:00:00,A,FC_TRA_E,R5210B,KTOE,SE,2009,175.782,
ESTAT:TEN00126(1.0),19/01/22 11:00:00,A,FC_TRA_E,R5210B,KTOE,SE,2010,178.451,
ESTAT:TEN00126(1.0),19/01/22 11:00:00,A,FC_TRA_E,R5210B,KTOE,SE,2011,182.983,
ESTAT:TEN00126(1.0),19/01/22 11:00:00,A,FC_TRA_E,R5210B,KTOE,SE,2012,175.395,
ESTAT:TEN00126(1.0),19/01/22 11:00:00,A,FC_TRA_E,R5210B,KTOE,SE,2013,150.800,
ESTAT:TEN00126(1.0),19/01/22 11:00:00,A,FC_TRA_E,R5210B,KTOE,SE,2014,138.435,
ESTAT:TEN00126(1.0),19/01/22 11:00:00,A,FC_TRA_E,R5210B,KTOE,SE,2015,112.265,
ESTAT:TEN00126(1.0),19/01/22 11:00:00,A,FC_TRA_E,R5210B,KTOE,SE,2016,90.211,
ESTAT:TEN00126(1.0),19/01/22 11:00:00,A,FC_TRA_E,R5210B,KTOE,SE,2017,87.061,
ESTAT:TEN00126(1.0),19/01/22 11:00:00,A,FC_TRA_E,R5210B,KTOE,SE,2018,112.957,
ESTAT:TEN00126(1.0),19/01/22 11:00:00,A,FC_TRA_E,R5210B,KTOE,SE,2019,90.016,
ESTAT:TEN00126(1.0),19/01/22 11:00:00,A,FC_TRA_E,R5210B,KTOE,SE,2020,94.203,
ESTAT:TEN00126(1.0),19/01/22 11:00:00,A,FC_TRA_E,R5210B,KTOE,SI,2009,2.595,
ESTAT:TEN00126(1.0),19/01/22 11:00:00,A,FC_TRA_E,R5210B,KTOE,SI,2010,4.319,
ESTAT:TEN00126(1.0),19/01/22 11:00:00,A,FC_TRA_E,R5210B,KTOE,SI,2011,5.064,
ESTAT:TEN00126(1.0),19/01/22 11:00:00,A,FC_TRA_E,R5210B,KTOE,SI,2012,6.001,
ESTAT:TEN00126(1.0),19/01/22 11:00:00,A,FC_TRA_E,R5210B,KTOE,SI,2013,7.595,
ESTAT:TEN00126(1.0),19/01/22 11:00:00,A,FC_TRA_E,R5210B,KTOE,SI,2014,7.589,
ESTAT:TEN00126(1.0),19/01/22 11:00:00,A,FC_TRA_E,R5210B,KTOE,SI,2015,6.518,
ESTAT:TEN00126(1.0),19/01/22 11:00:00,A,FC_TRA_E,R5210B,KTOE,SI,2016,4.346,
ESTAT:TEN00126(1.0),19/01/22 11:00:00,A,FC_TRA_E,R5210B,KTOE,SI,2017,4.227,
ESTAT:TEN00126(1.0),19/01/22 11:00:00,A,FC_TRA_E,R5210B,KTOE,SI,2018,7.796,
ESTAT:TEN00126(1.0),19/01/22 11:00:00,A,FC_TRA_E,R5210B,KTOE,SI,2019,4.238,
ESTAT:TEN00126(1.0),19/01/22 11:00:00,A,FC_TRA_E,R5210B,KTOE,SI,2020,8.042,
ESTAT:TEN00126(1.0),19/01/22 11:00:00,A,FC_TRA_E,R5210B,KTOE,SK,2009,24.885,
ESTAT:TEN00126(1.0),19/01/22 11:00:00,A,FC_TRA_E,R5210B,KTOE,SK,2010,23.835,
ESTAT:TEN00126(1.0),19/01/22 11:00:00,A,FC_TRA_E,R5210B,KTOE,SK,2011,20.000,
ESTAT:TEN00126(1.0),19/01/22 11:00:00,A,FC_TRA_E,R5210B,KTOE,SK,2012,17.806,
ESTAT:TEN00126(1.0),19/01/22 11:00:00,A,FC_TRA_E,R5210B,KTOE,SK,2013,17.806,
ESTAT:TEN00126(1.0),19/01/22 11:00:00,A,FC_TRA_E,R5210B,KTOE,SK,2014,24.580,
ESTAT:TEN00126(1.0),19/01/22 11:00:00,A,FC_TRA_E,R5210B,KTOE,SK,2015,22.929,
ESTAT:TEN00126(1.0),19/01/22 11:00:00,A,FC_TRA_E,R5210B,KTOE,SK,2016,15.549,
ESTAT:TEN00126(1.0),19/01/22 11:00:00,A,FC_TRA_E,R5210B,KTOE,SK,2017,19.561,
ESTAT:TEN00126(1.0),19/01/22 11:00:00,A,FC_TRA_E,R5210B,KTOE,SK,2018,17.555,
ESTAT:TEN00126(1.0),19/01/22 11:00:00,A,FC_TRA_E,R5210B,KTOE,SK,2019,19.841,
ESTAT:TEN00126(1.0),19/01/22 11:00:00,A,FC_TRA_E,R5210B,KTOE,SK,2020,25.946,
ESTAT:TEN00126(1.0),19/01/22 11:00:00,A,FC_TRA_E,R5210B,KTOE,TR,2009,5.804,
ESTAT:TEN00126(1.0),19/01/22 11:00:00,A,FC_TRA_E,R5210B,KTOE,TR,2010,0.000,
ESTAT:TEN00126(1.0),19/01/22 11:00:00,A,FC_TRA_E,R5210B,KTOE,TR,2011,5.159,
ESTAT:TEN00126(1.0),19/01/22 11:00:00,A,FC_TRA_E,R5210B,KTOE,TR,2012,5.159,
ESTAT:TEN00126(1.0),19/01/22 11:00:00,A,FC_TRA_E,R5210B,KTOE,TR,2013,23.216,
ESTAT:TEN00126(1.0),19/01/22 11:00:00,A,FC_TRA_E,R5210B,KTOE,TR,2014,35.469,
ESTAT:TEN00126(1.0),19/01/22 11:00:00,A,FC_TRA_E,R5210B,KTOE,TR,2015,70.412,
ESTAT:TEN00126(1.0),19/01/22 11:00:00,A,FC_TRA_E,R5210B,KTOE,TR,2016,76.010,
ESTAT:TEN00126(1.0),19/01/22 11:00:00,A,FC_TRA_E,R5210B,KTOE,TR,2017,82.345,
ESTAT:TEN00126(1.0),19/01/22 11:00:00,A,FC_TRA_E,R5210B,KTOE,TR,2018,80.233,
ESTAT:TEN00126(1.0),19/01/22 11:00:00,A,FC_TRA_E,R5210B,KTOE,TR,2019,53.186,
ESTAT:TEN00126(1.0),19/01/22 11:00:00,A,FC_TRA_E,R5210B,KTOE,TR,2020,33.519,
ESTAT:TEN00126(1.0),19/01/22 11:00:00,A,FC_TRA_E,R5210B,KTOE,UA,2009,0.000,
ESTAT:TEN00126(1.0),19/01/22 11:00:00,A,FC_TRA_E,R5210B,KTOE,UA,2010,0.000,
ESTAT:TEN00126(1.0),19/01/22 11:00:00,A,FC_TRA_E,R5210B,KTOE,UA,2011,0.000,
ESTAT:TEN00126(1.0),19/01/22 11:00:00,A,FC_TRA_E,R5210B,KTOE,UA,2012,0.000,
ESTAT:TEN00126(1.0),19/01/22 11:00:00,A,FC_TRA_E,R5210B,KTOE,UA,2013,48.332,
ESTAT:TEN00126(1.0),19/01/22 11:00:00,A,FC_TRA_E,R5210B,KTOE,UA,2014,42.373,
ESTAT:TEN00126(1.0),19/01/22 11:00:00,A,FC_TRA_E,R5210B,KTOE,UA,2015,35.090,
ESTAT:TEN00126(1.0),19/01/22 11:00:00,A,FC_TRA_E,R5210B,KTOE,UA,2016,38.401,
ESTAT:TEN00126(1.0),19/01/22 11:00:00,A,FC_TRA_E,R5210B,KTOE,UA,2017,46.518,
ESTAT:TEN00126(1.0),19/01/22 11:00:00,A,FC_TRA_E,R5210B,KTOE,UA,2018,37.242,
ESTAT:TEN00126(1.0),19/01/22 11:00:00,A,FC_TRA_E,R5210B,KTOE,UA,2019,88.110,
ESTAT:TEN00126(1.0),19/01/22 11:00:00,A,FC_TRA_E,R5210B,KTOE,UA,2020,51.113,
ESTAT:TEN00126(1.0),19/01/22 11:00:00,A,FC_TRA_E,R5210B,KTOE,UK,2009,162.745,
ESTAT:TEN00126(1.0),19/01/22 11:00:00,A,FC_TRA_E,R5210B,KTOE,UK,2010,321.005,
ESTAT:TEN00126(1.0),19/01/22 11:00:00,A,FC_TRA_E,R5210B,KTOE,UK,2011,331.897,
ESTAT:TEN00126(1.0),19/01/22 11:00:00,A,FC_TRA_E,R5210B,KTOE,UK,2012,394.048,
ESTAT:TEN00126(1.0),19/01/22 11:00:00,A,FC_TRA_E,R5210B,KTOE,UK,2013,417.755,
ESTAT:TEN00126(1.0),19/01/22 11:00:00,A,FC_TRA_E,R5210B,KTOE,UK,2014,413.910,
ESTAT:TEN00126(1.0),19/01/22 11:00:00,A,FC_TRA_E,R5210B,KTOE,UK,2015,404.302,
ESTAT:TEN00126(1.0),19/01/22 11:00:00,A,FC_TRA_E,R5210B,KTOE,UK,2016,391.488,
ESTAT:TEN00126(1.0),19/01/22 11:00:00,A,FC_TRA_E,R5210B,KTOE,UK,2017,378.673,
ESTAT:TEN00126(1.0),19/01/22 11:00:00,A,FC_TRA_E,R5210B,KTOE,UK,2018,388.925,
ESTAT:TEN00126(1.0),19/01/22 11:00:00,A,FC_TRA_E,R5210B,KTOE,UK,2019,386.362,
ESTAT:TEN00126(1.0),19/01/22 11:00:00,A,FC_TRA_E,R5210B,KTOE,XK,2009,0.000,
ESTAT:TEN00126(1.0),19/01/22 11:00:00,A,FC_TRA_E,R5210B,KTOE,XK,2010,0.000,
ESTAT:TEN00126(1.0),19/01/22 11:00:00,A,FC_TRA_E,R5210B,KTOE,XK,2011,0.000,
ESTAT:TEN00126(1.0),19/01/22 11:00:00,A,FC_TRA_E,R5210B,KTOE,XK,2012,0.000,
ESTAT:TEN00126(1.0),19/01/22 11:00:00,A,FC_TRA_E,R5210B,KTOE,XK,2013,0.000,
ESTAT:TEN00126(1.0),19/01/22 11:00:00,A,FC_TRA_E,R5210B,KTOE,XK,2014,0.000,
ESTAT:TEN00126(1.0),19/01/22 11:00:00,A,FC_TRA_E,R5210B,KTOE,XK,2015,0.000,
ESTAT:TEN00126(1.0),19/01/22 11:00:00,A,FC_TRA_E,R5210B,KTOE,XK,2016,0.000,
ESTAT:TEN00126(1.0),19/01/22 11:00:00,A,FC_TRA_E,R5210B,KTOE,XK,2017,0.000,
ESTAT:TEN00126(1.0),19/01/22 11:00:00,A,FC_TRA_E,R5210B,KTOE,XK,2018,0.000,
ESTAT:TEN00126(1.0),19/01/22 11:00:00,A,FC_TRA_E,R5210B,KTOE,XK,2019,0.000,
ESTAT:TEN00126(1.0),19/01/22 11:00:00,A,FC_TRA_E,R5210B,KTOE,XK,2020,0.000,
ESTAT:TEN00126(1.0),19/01/22 11:00:00,A,FC_TRA_E,R5210P,KTOE,AL,2009,0.000,
ESTAT:TEN00126(1.0),19/01/22 11:00:00,A,FC_TRA_E,R5210P,KTOE,AL,2010,0.000,
ESTAT:TEN00126(1.0),19/01/22 11:00:00,A,FC_TRA_E,R5210P,KTOE,AL,2011,0.000,
ESTAT:TEN00126(1.0),19/01/22 11:00:00,A,FC_TRA_E,R5210P,KTOE,AL,2012,0.000,
ESTAT:TEN00126(1.0),19/01/22 11:00:00,A,FC_TRA_E,R5210P,KTOE,AL,2013,0.000,
ESTAT:TEN00126(1.0),19/01/22 11:00:00,A,FC_TRA_E,R5210P,KTOE,AL,2014,0.000,
ESTAT:TEN00126(1.0),19/01/22 11:00:00,A,FC_TRA_E,R5210P,KTOE,AL,2015,0.000,
ESTAT:TEN00126(1.0),19/01/22 11:00:00,A,FC_TRA_E,R5210P,KTOE,AL,2016,0.000,
ESTAT:TEN00126(1.0),19/01/22 11:00:00,A,FC_TRA_E,R5210P,KTOE,AL,2017,0.000,
ESTAT:TEN00126(1.0),19/01/22 11:00:00,A,FC_TRA_E,R5210P,KTOE,AL,2018,0.000,
ESTAT:TEN00126(1.0),19/01/22 11:00:00,A,FC_TRA_E,R5210P,KTOE,AL,2019,0.000,
ESTAT:TEN00126(1.0),19/01/22 11:00:00,A,FC_TRA_E,R5210P,KTOE,AL,2020,0.000,
ESTAT:TEN00126(1.0),19/01/22 11:00:00,A,FC_TRA_E,R5210P,KTOE,AT,2009,0.000,
ESTAT:TEN00126(1.0),19/01/22 11:00:00,A,FC_TRA_E,R5210P,KTOE,AT,2010,0.000,
ESTAT:TEN00126(1.0),19/01/22 11:00:00,A,FC_TRA_E,R5210P,KTOE,AT,2011,0.000,
ESTAT:TEN00126(1.0),19/01/22 11:00:00,A,FC_TRA_E,R5210P,KTOE,AT,2012,0.000,
ESTAT:TEN00126(1.0),19/01/22 11:00:00,A,FC_TRA_E,R5210P,KTOE,AT,2013,0.000,
ESTAT:TEN00126(1.0),19/01/22 11:00:00,A,FC_TRA_E,R5210P,KTOE,AT,2014,0.000,
ESTAT:TEN00126(1.0),19/01/22 11:00:00,A,FC_TRA_E,R5210P,KTOE,AT,2015,0.000,
ESTAT:TEN00126(1.0),19/01/22 11:00:00,A,FC_TRA_E,R5210P,KTOE,AT,2016,0.000,
ESTAT:TEN00126(1.0),19/01/22 11:00:00,A,FC_TRA_E,R5210P,KTOE,AT,2017,0.000,
ESTAT:TEN00126(1.0),19/01/22 11:00:00,A,FC_TRA_E,R5210P,KTOE,AT,2018,0.000,
ESTAT:TEN00126(1.0),19/01/22 11:00:00,A,FC_TRA_E,R5210P,KTOE,AT,2019,0.000,
ESTAT:TEN00126(1.0),19/01/22 11:00:00,A,FC_TRA_E,R5210P,KTOE,AT,2020,0.000,
ESTAT:TEN00126(1.0),19/01/22 11:00:00,A,FC_TRA_E,R5210P,KTOE,BA,2014,0.000,
ESTAT:TEN00126(1.0),19/01/22 11:00:00,A,FC_TRA_E,R5210P,KTOE,BA,2015,0.000,
ESTAT:TEN00126(1.0),19/01/22 11:00:00,A,FC_TRA_E,R5210P,KTOE,BA,2016,0.000,
ESTAT:TEN00126(1.0),19/01/22 11:00:00,A,FC_TRA_E,R5210P,KTOE,BA,2017,0.000,
ESTAT:TEN00126(1.0),19/01/22 11:00:00,A,FC_TRA_E,R5210P,KTOE,BA,2018,0.000,
ESTAT:TEN00126(1.0),19/01/22 11:00:00,A,FC_TRA_E,R5210P,KTOE,BA,2019,0.000,
ESTAT:TEN00126(1.0),19/01/22 11:00:00,A,FC_TRA_E,R5210P,KTOE,BE,2009,0.000,
ESTAT:TEN00126(1.0),19/01/22 11:00:00,A,FC_TRA_E,R5210P,KTOE,BE,2010,0.000,
ESTAT:TEN00126(1.0),19/01/22 11:00:00,A,FC_TRA_E,R5210P,KTOE,BE,2011,0.000,
ESTAT:TEN00126(1.0),19/01/22 11:00:00,A,FC_TRA_E,R5210P,KTOE,BE,2012,0.000,
ESTAT:TEN00126(1.0),19/01/22 11:00:00,A,FC_TRA_E,R5210P,KTOE,BE,2013,0.000,
ESTAT:TEN00126(1.0),19/01/22 11:00:00,A,FC_TRA_E,R5210P,KTOE,BE,2014,0.000,
ESTAT:TEN00126(1.0),19/01/22 11:00:00,A,FC_TRA_E,R5210P,KTOE,BE,2015,0.000,
ESTAT:TEN00126(1.0),19/01/22 11:00:00,A,FC_TRA_E,R5210P,KTOE,BE,2016,0.000,
ESTAT:TEN00126(1.0),19/01/22 11:00:00,A,FC_TRA_E,R5210P,KTOE,BE,2017,0.000,
ESTAT:TEN00126(1.0),19/01/22 11:00:00,A,FC_TRA_E,R5210P,KTOE,BE,2018,0.000,
ESTAT:TEN00126(1.0),19/01/22 11:00:00,A,FC_TRA_E,R5210P,KTOE,BE,2019,0.000,
ESTAT:TEN00126(1.0),19/01/22 11:00:00,A,FC_TRA_E,R5210P,KTOE,BE,2020,0.000,
ESTAT:TEN00126(1.0),19/01/22 11:00:00,A,FC_TRA_E,R5210P,KTOE,BG,2009,0.000,
ESTAT:TEN00126(1.0),19/01/22 11:00:00,A,FC_TRA_E,R5210P,KTOE,BG,2010,0.000,
ESTAT:TEN00126(1.0),19/01/22 11:00:00,A,FC_TRA_E,R5210P,KTOE,BG,2011,0.000,
ESTAT:TEN00126(1.0),19/01/22 11:00:00,A,FC_TRA_E,R5210P,KTOE,BG,2012,0.000,
ESTAT:TEN00126(1.0),19/01/22 11:00:00,A,FC_TRA_E,R5210P,KTOE,BG,2013,0.000,
ESTAT:TEN00126(1.0),19/01/22 11:00:00,A,FC_TRA_E,R5210P,KTOE,BG,2014,0.000,
ESTAT:TEN00126(1.0),19/01/22 11:00:00,A,FC_TRA_E,R5210P,KTOE,BG,2015,0.000,
ESTAT:TEN00126(1.0),19/01/22 11:00:00,A,FC_TRA_E,R5210P,KTOE,BG,2016,0.000,
ESTAT:TEN00126(1.0),19/01/22 11:00:00,A,FC_TRA_E,R5210P,KTOE,BG,2017,0.000,
ESTAT:TEN00126(1.0),19/01/22 11:00:00,A,FC_TRA_E,R5210P,KTOE,BG,2018,0.000,
ESTAT:TEN00126(1.0),19/01/22 11:00:00,A,FC_TRA_E,R5210P,KTOE,BG,2019,0.000,
ESTAT:TEN00126(1.0),19/01/22 11:00:00,A,FC_TRA_E,R5210P,KTOE,BG,2020,0.000,
ESTAT:TEN00126(1.0),19/01/22 11:00:00,A,FC_TRA_E,R5210P,KTOE,CY,2009,0.000,
ESTAT:TEN00126(1.0),19/01/22 11:00:00,A,FC_TRA_E,R5210P,KTOE,CY,2010,0.000,
ESTAT:TEN00126(1.0),19/01/22 11:00:00,A,FC_TRA_E,R5210P,KTOE,CY,2011,0.000,
ESTAT:TEN00126(1.0),19/01/22 11:00:00,A,FC_TRA_E,R5210P,KTOE,CY,2012,0.000,
ESTAT:TEN00126(1.0),19/01/22 11:00:00,A,FC_TRA_E,R5210P,KTOE,CY,2013,0.000,
ESTAT:TEN00126(1.0),19/01/22 11:00:00,A,FC_TRA_E,R5210P,KTOE,CY,2014,0.000,
ESTAT:TEN00126(1.0),19/01/22 11:00:00,A,FC_TRA_E,R5210P,KTOE,CY,2015,0.000,
ESTAT:TEN00126(1.0),19/01/22 11:00:00,A,FC_TRA_E,R5210P,KTOE,CY,2016,0.000,
ESTAT:TEN00126(1.0),19/01/22 11:00:00,A,FC_TRA_E,R5210P,KTOE,CY,2017,0.000,
ESTAT:TEN00126(1.0),19/01/22 11:00:00,A,FC_TRA_E,R5210P,KTOE,CY,2018,0.000,
ESTAT:TEN00126(1.0),19/01/22 11:00:00,A,FC_TRA_E,R5210P,KTOE,CY,2019,0.000,
ESTAT:TEN00126(1.0),19/01/22 11:00:00,A,FC_TRA_E,R5210P,KTOE,CY,2020,0.000,
ESTAT:TEN00126(1.0),19/01/22 11:00:00,A,FC_TRA_E,R5210P,KTOE,CZ,2009,0.000,
ESTAT:TEN00126(1.0),19/01/22 11:00:00,A,FC_TRA_E,R5210P,KTOE,CZ,2010,0.000,
ESTAT:TEN00126(1.0),19/01/22 11:00:00,A,FC_TRA_E,R5210P,KTOE,CZ,2011,0.000,
ESTAT:TEN00126(1.0),19/01/22 11:00:00,A,FC_TRA_E,R5210P,KTOE,CZ,2012,0.000,
ESTAT:TEN00126(1.0),19/01/22 11:00:00,A,FC_TRA_E,R5210P,KTOE,CZ,2013,0.000,
ESTAT:TEN00126(1.0),19/01/22 11:00:00,A,FC_TRA_E,R5210P,KTOE,CZ,2014,0.000,
ESTAT:TEN00126(1.0),19/01/22 11:00:00,A,FC_TRA_E,R5210P,KTOE,CZ,2015,0.000,
ESTAT:TEN00126(1.0),19/01/22 11:00:00,A,FC_TRA_E,R5210P,KTOE,CZ,2016,0.000,
ESTAT:TEN00126(1.0),19/01/22 11:00:00,A,FC_TRA_E,R5210P,KTOE,CZ,2017,0.000,
ESTAT:TEN00126(1.0),19/01/22 11:00:00,A,FC_TRA_E,R5210P,KTOE,CZ,2018,0.000,
ESTAT:TEN00126(1.0),19/01/22 11:00:00,A,FC_TRA_E,R5210P,KTOE,CZ,2019,0.000,
ESTAT:TEN00126(1.0),19/01/22 11:00:00,A,FC_TRA_E,R5210P,KTOE,CZ,2020,0.000,
ESTAT:TEN00126(1.0),19/01/22 11:00:00,A,FC_TRA_E,R5210P,KTOE,DE,2009,4.500,
ESTAT:TEN00126(1.0),19/01/22 11:00:00,A,FC_TRA_E,R5210P,KTOE,DE,2010,9.644,
ESTAT:TEN00126(1.0),19/01/22 11:00:00,A,FC_TRA_E,R5210P,KTOE,DE,2011,10.143,
ESTAT:TEN00126(1.0),19/01/22 11:00:00,A,FC_TRA_E,R5210P,KTOE,DE,2012,10.777,
ESTAT:TEN00126(1.0),19/01/22 11:00:00,A,FC_TRA_E,R5210P,KTOE,DE,2013,6.973,
ESTAT:TEN00126(1.0),19/01/22 11:00:00,A,FC_TRA_E,R5210P,KTOE,DE,2014,5.071,
ESTAT:TEN00126(1.0),19/01/22 11:00:00,A,FC_TRA_E,R5210P,KTOE,DE,2015,3.804,
ESTAT:TEN00126(1.0),19/01/22 11:00:00,A,FC_TRA_E,R5210P,KTOE,DE,2016,0.000,
ESTAT:TEN00126(1.0),19/01/22 11:00:00,A,FC_TRA_E,R5210P,KTOE,DE,2017,0.000,
ESTAT:TEN00126(1.0),19/01/22 11:00:00,A,FC_TRA_E,R5210P,KTOE,DE,2018,0.000,
ESTAT:TEN00126(1.0),19/01/22 11:00:00,A,FC_TRA_E,R5210P,KTOE,DE,2019,0.000,
ESTAT:TEN00126(1.0),19/01/22 11:00:00,A,FC_TRA_E,R5210P,KTOE,DE,2020,0.000,
ESTAT:TEN00126(1.0),19/01/22 11:00:00,A,FC_TRA_E,R5210P,KTOE,DK,2009,0.000,
ESTAT:TEN00126(1.0),19/01/22 11:00:00,A,FC_TRA_E,R5210P,KTOE,DK,2010,0.000,
ESTAT:TEN00126(1.0),19/01/22 11:00:00,A,FC_TRA_E,R5210P,KTOE,DK,2011,0.000,
ESTAT:TEN00126(1.0),19/01/22 11:00:00,A,FC_TRA_E,R5210P,KTOE,DK,2012,0.000,
ESTAT:TEN00126(1.0),19/01/22 11:00:00,A,FC_TRA_E,R5210P,KTOE,DK,2013,0.000,
ESTAT:TEN00126(1.0),19/01/22 11:00:00,A,FC_TRA_E,R5210P,KTOE,DK,2014,0.000,
ESTAT:TEN00126(1.0),19/01/22 11:00:00,A,FC_TRA_E,R5210P,KTOE,DK,2015,0.000,
ESTAT:TEN00126(1.0),19/01/22 11:00:00,A,FC_TRA_E,R5210P,KTOE,DK,2016,0.000,
ESTAT:TEN00126(1.0),19/01/22 11:00:00,A,FC_TRA_E,R5210P,KTOE,DK,2017,0.000,
ESTAT:TEN00126(1.0),19/01/22 11:00:00,A,FC_TRA_E,R5210P,KTOE,DK,2018,0.000,
ESTAT:TEN00126(1.0),19/01/22 11:00:00,A,FC_TRA_E,R5210P,KTOE,DK,2019,0.000,
ESTAT:TEN00126(1.0),19/01/22 11:00:00,A,FC_TRA_E,R5210P,KTOE,DK,2020,0.000,
ESTAT:TEN00126(1.0),19/01/22 11:00:00,A,FC_TRA_E,R5210P,KTOE,EA19,2009,4.500,
ESTAT:TEN00126(1.0),19/01/22 11:00:00,A,FC_TRA_E,R5210P,KTOE,EA19,2010,9.644,
ESTAT:TEN00126(1.0),19/01/22 11:00:00,A,FC_TRA_E,R5210P,KTOE,EA19,2011,10.143,
ESTAT:TEN00126(1.0),19/01/22 11:00:00,A,FC_TRA_E,R5210P,KTOE,EA19,2012,10.777,
ESTAT:TEN00126(1.0),19/01/22 11:00:00,A,FC_TRA_E,R5210P,KTOE,EA19,2013,6.973,
ESTAT:TEN00126(1.0),19/01/22 11:00:00,A,FC_TRA_E,R5210P,KTOE,EA19,2014,5.119,
ESTAT:TEN00126(1.0),19/01/22 11:00:00,A,FC_TRA_E,R5210P,KTOE,EA19,2015,3.819,
ESTAT:TEN00126(1.0),19/01/22 11:00:00,A,FC_TRA_E,R5210P,KTOE,EA19,2016,0.000,
ESTAT:TEN00126(1.0),19/01/22 11:00:00,A,FC_TRA_E,R5210P,KTOE,EA19,2017,0.000,
ESTAT:TEN00126(1.0),19/01/22 11:00:00,A,FC_TRA_E,R5210P,KTOE,EA19,2018,0.275,
ESTAT:TEN00126(1.0),19/01/22 11:00:00,A,FC_TRA_E,R5210P,KTOE,EA19,2019,0.559,
ESTAT:TEN00126(1.0),19/01/22 11:00:00,A,FC_TRA_E,R5210P,KTOE,EA19,2020,0.284,
ESTAT:TEN00126(1.0),19/01/22 11:00:00,A,FC_TRA_E,R5210P,KTOE,EE,2009,0.000,
ESTAT:TEN00126(1.0),19/01/22 11:00:00,A,FC_TRA_E,R5210P,KTOE,EE,2010,0.000,
ESTAT:TEN00126(1.0),19/01/22 11:00:00,A,FC_TRA_E,R5210P,KTOE,EE,2011,0.000,
ESTAT:TEN00126(1.0),19/01/22 11:00:00,A,FC_TRA_E,R5210P,KTOE,EE,2012,0.000,
ESTAT:TEN00126(1.0),19/01/22 11:00:00,A,FC_TRA_E,R5210P,KTOE,EE,2013,0.000,
ESTAT:TEN00126(1.0),19/01/22 11:00:00,A,FC_TRA_E,R5210P,KTOE,EE,2014,0.000,
ESTAT:TEN00126(1.0),19/01/22 11:00:00,A,FC_TRA_E,R5210P,KTOE,EE,2015,0.000,
ESTAT:TEN00126(1.0),19/01/22 11:00:00,A,FC_TRA_E,R5210P,KTOE,EE,2016,0.000,
ESTAT:TEN00126(1.0),19/01/22 11:00:00,A,FC_TRA_E,R5210P,KTOE,EE,2017,0.000,
ESTAT:TEN00126(1.0),19/01/22 11:00:00,A,FC_TRA_E,R5210P,KTOE,EE,2018,0.000,
ESTAT:TEN00126(1.0),19/01/22 11:00:00,A,FC_TRA_E,R5210P,KTOE,EE,2019,0.000,
ESTAT:TEN00126(1.0),19/01/22 11:00:00,A,FC_TRA_E,R5210P,KTOE,EE,2020,0.000,
ESTAT:TEN00126(1.0),19/01/22 11:00:00,A,FC_TRA_E,R5210P,KTOE,EL,2009,0.000,
ESTAT:TEN00126(1.0),19/01/22 11:00:00,A,FC_TRA_E,R5210P,KTOE,EL,2010,0.000,
ESTAT:TEN00126(1.0),19/01/22 11:00:00,A,FC_TRA_E,R5210P,KTOE,EL,2011,0.000,
ESTAT:TEN00126(1.0),19/01/22 11:00:00,A,FC_TRA_E,R5210P,KTOE,EL,2012,0.000,
ESTAT:TEN00126(1.0),19/01/22 11:00:00,A,FC_TRA_E,R5210P,KTOE,EL,2013,0.000,
ESTAT:TEN00126(1.0),19/01/22 11:00:00,A,FC_TRA_E,R5210P,KTOE,EL,2014,0.000,
ESTAT:TEN00126(1.0),19/01/22 11:00:00,A,FC_TRA_E,R5210P,KTOE,EL,2015,0.000,
ESTAT:TEN00126(1.0),19/01/22 11:00:00,A,FC_TRA_E,R5210P,KTOE,EL,2016,0.000,
ESTAT:TEN00126(1.0),19/01/22 11:00:00,A,FC_TRA_E,R5210P,KTOE,EL,2017,0.000,
ESTAT:TEN00126(1.0),19/01/22 11:00:00,A,FC_TRA_E,R5210P,KTOE,EL,2018,0.000,
ESTAT:TEN00126(1.0),19/01/22 11:00:00,A,FC_TRA_E,R5210P,KTOE,EL,2019,0.000,
ESTAT:TEN00126(1.0),19/01/22 11:00:00,A,FC_TRA_E,R5210P,KTOE,EL,2020,0.000,
ESTAT:TEN00126(1.0),19/01/22 11:00:00,A,FC_TRA_E,R5210P,KTOE,ES,2009,0.000,
ESTAT:TEN00126(1.0),19/01/22 11:00:00,A,FC_TRA_E,R5210P,KTOE,ES,2010,0.000,
ESTAT:TEN00126(1.0),19/01/22 11:00:00,A,FC_TRA_E,R5210P,KTOE,ES,2011,0.000,
ESTAT:TEN00126(1.0),19/01/22 11:00:00,A,FC_TRA_E,R5210P,KTOE,ES,2012,0.000,
ESTAT:TEN00126(1.0),19/01/22 11:00:00,A,FC_TRA_E,R5210P,KTOE,ES,2013,0.000,
ESTAT:TEN00126(1.0),19/01/22 11:00:00,A,FC_TRA_E,R5210P,KTOE,ES,2014,0.048,
ESTAT:TEN00126(1.0),19/01/22 11:00:00,A,FC_TRA_E,R5210P,KTOE,ES,2015,0.015,
ESTAT:TEN00126(1.0),19/01/22 11:00:00,A,FC_TRA_E,R5210P,KTOE,ES,2016,0.000,
ESTAT:TEN00126(1.0),19/01/22 11:00:00,A,FC_TRA_E,R5210P,KTOE,ES,2017,0.000,
ESTAT:TEN00126(1.0),19/01/22 11:00:00,A,FC_TRA_E,R5210P,KTOE,ES,2018,0.275,
ESTAT:TEN00126(1.0),19/01/22 11:00:00,A,FC_TRA_E,R5210P,KTOE,ES,2019,0.559,
ESTAT:TEN00126(1.0),19/01/22 11:00:00,A,FC_TRA_E,R5210P,KTOE,ES,2020,0.284,
ESTAT:TEN00126(1.0),19/01/22 11:00:00,A,FC_TRA_E,R5210P,KTOE,EU27_2020,2009,16.194,
ESTAT:TEN00126(1.0),19/01/22 11:00:00,A,FC_TRA_E,R5210P,KTOE,EU27_2020,2010,22.885,
ESTAT:TEN00126(1.0),19/01/22 11:00:00,A,FC_TRA_E,R5210P,KTOE,EU27_2020,2011,27.815,
ESTAT:TEN00126(1.0),19/01/22 11:00:00,A,FC_TRA_E,R5210P,KTOE,EU27_2020,2012,29.084,
ESTAT:TEN00126(1.0),19/01/22 11:00:00,A,FC_TRA_E,R5210P,KTOE,EU27_2020,2013,25.119,
ESTAT:TEN00126(1.0),19/01/22 11:00:00,A,FC_TRA_E,R5210P,KTOE,EU27_2020,2014,21.699,
ESTAT:TEN00126(1.0),19/01/22 11:00:00,A,FC_TRA_E,R5210P,KTOE,EU27_2020,2015,20.967,
ESTAT:TEN00126(1.0),19/01/22 11:00:00,A,FC_TRA_E,R5210P,KTOE,EU27_2020,2016,10.632,
ESTAT:TEN00126(1.0),19/01/22 11:00:00,A,FC_TRA_E,R5210P,KTOE,EU27_2020,2017,7.615,
ESTAT:TEN00126(1.0),19/01/22 11:00:00,A,FC_TRA_E,R5210P,KTOE,EU27_2020,2018,5.986,
ESTAT:TEN00126(1.0),19/01/22 11:00:00,A,FC_TRA_E,R5210P,KTOE,EU27_2020,2019,3.732,
ESTAT:TEN00126(1.0),19/01/22 11:00:00,A,FC_TRA_E,R5210P,KTOE,EU27_2020,2020,3.457,
ESTAT:TEN00126(1.0),19/01/22 11:00:00,A,FC_TRA_E,R5210P,KTOE,FI,2009,0.000,
ESTAT:TEN00126(1.0),19/01/22 11:00:00,A,FC_TRA_E,R5210P,KTOE,FI,2010,0.000,
ESTAT:TEN00126(1.0),19/01/22 11:00:00,A,FC_TRA_E,R5210P,KTOE,FI,2011,0.000,
ESTAT:TEN00126(1.0),19/01/22 11:00:00,A,FC_TRA_E,R5210P,KTOE,FI,2012,0.000,
ESTAT:TEN00126(1.0),19/01/22 11:00:00,A,FC_TRA_E,R5210P,KTOE,FI,2013,0.000,
ESTAT:TEN00126(1.0),19/01/22 11:00:00,A,FC_TRA_E,R5210P,KTOE,FI,2014,0.000,
ESTAT:TEN00126(1.0),19/01/22 11:00:00,A,FC_TRA_E,R5210P,KTOE,FI,2015,0.000,
ESTAT:TEN00126(1.0),19/01/22 11:00:00,A,FC_TRA_E,R5210P,KTOE,FI,2016,0.000,
ESTAT:TEN00126(1.0),19/01/22 11:00:00,A,FC_TRA_E,R5210P,KTOE,FI,2017,0.000,
ESTAT:TEN00126(1.0),19/01/22 11:00:00,A,FC_TRA_E,R5210P,KTOE,FI,2018,0.000,
ESTAT:TEN00126(1.0),19/01/22 11:00:00,A,FC_TRA_E,R5210P,KTOE,FI,2019,0.000,
ESTAT:TEN00126(1.0),19/01/22 11:00:00,A,FC_TRA_E,R5210P,KTOE,FI,2020,0.000,
ESTAT:TEN00126(1.0),19/01/22 11:00:00,A,FC_TRA_E,R5210P,KTOE,FR,2009,0.000,
ESTAT:TEN00126(1.0),19/01/22 11:00:00,A,FC_TRA_E,R5210P,KTOE,FR,2010,0.000,
ESTAT:TEN00126(1.0),19/01/22 11:00:00,A,FC_TRA_E,R5210P,KTOE,FR,2011,0.000,
ESTAT:TEN00126(1.0),19/01/22 11:00:00,A,FC_TRA_E,R5210P,KTOE,FR,2012,0.000,
ESTAT:TEN00126(1.0),19/01/22 11:00:00,A,FC_TRA_E,R5210P,KTOE,FR,2013,0.000,
ESTAT:TEN00126(1.0),19/01/22 11:00:00,A,FC_TRA_E,R5210P,KTOE,FR,2014,0.000,
ESTAT:TEN00126(1.0),19/01/22 11:00:00,A,FC_TRA_E,R5210P,KTOE,FR,2015,0.000,
ESTAT:TEN00126(1.0),19/01/22 11:00:00,A,FC_TRA_E,R5210P,KTOE,FR,2016,0.000,
ESTAT:TEN00126(1.0),19/01/22 11:00:00,A,FC_TRA_E,R5210P,KTOE,FR,2017,0.000,
ESTAT:TEN00126(1.0),19/01/22 11:00:00,A,FC_TRA_E,R5210P,KTOE,FR,2018,0.000,
ESTAT:TEN00126(1.0),19/01/22 11:00:00,A,FC_TRA_E,R5210P,KTOE,FR,2019,0.000,
ESTAT:TEN00126(1.0),19/01/22 11:00:00,A,FC_TRA_E,R5210P,KTOE,FR,2020,0.000,
ESTAT:TEN00126(1.0),19/01/22 11:00:00,A,FC_TRA_E,R5210P,KTOE,GE,2013,0.000,
ESTAT:TEN00126(1.0),19/01/22 11:00:00,A,FC_TRA_E,R5210P,KTOE,GE,2014,0.000,
ESTAT:TEN00126(1.0),19/01/22 11:00:00,A,FC_TRA_E,R5210P,KTOE,GE,2015,0.000,
ESTAT:TEN00126(1.0),19/01/22 11:00:00,A,FC_TRA_E,R5210P,KTOE,GE,2016,0.000,
ESTAT:TEN00126(1.0),19/01/22 11:00:00,A,FC_TRA_E,R5210P,KTOE,GE,2017,0.000,
ESTAT:TEN00126(1.0),19/01/22 11:00:00,A,FC_TRA_E,R5210P,KTOE,GE,2018,0.000,
ESTAT:TEN00126(1.0),19/01/22 11:00:00,A,FC_TRA_E,R5210P,KTOE,GE,2019,0.000,
ESTAT:TEN00126(1.0),19/01/22 11:00:00,A,FC_TRA_E,R5210P,KTOE,GE,2020,0.000,
ESTAT:TEN00126(1.0),19/01/22 11:00:00,A,FC_TRA_E,R5210P,KTOE,HR,2009,0.000,
ESTAT:TEN00126(1.0),19/01/22 11:00:00,A,FC_TRA_E,R5210P,KTOE,HR,2010,0.000,
ESTAT:TEN00126(1.0),19/01/22 11:00:00,A,FC_TRA_E,R5210P,KTOE,HR,2011,0.000,
ESTAT:TEN00126(1.0),19/01/22 11:00:00,A,FC_TRA_E,R5210P,KTOE,HR,2012,0.000,
ESTAT:TEN00126(1.0),19/01/22 11:00:00,A,FC_TRA_E,R5210P,KTOE,HR,2013,0.000,
ESTAT:TEN00126(1.0),19/01/22 11:00:00,A,FC_TRA_E,R5210P,KTOE,HR,2014,0.000,
ESTAT:TEN00126(1.0),19/01/22 11:00:00,A,FC_TRA_E,R5210P,KTOE,HR,2015,0.000,
ESTAT:TEN00126(1.0),19/01/22 11:00:00,A,FC_TRA_E,R5210P,KTOE,HR,2016,0.000,
ESTAT:TEN00126(1.0),19/01/22 11:00:00,A,FC_TRA_E,R5210P,KTOE,HR,2017,0.000,
ESTAT:TEN00126(1.0),19/01/22 11:00:00,A,FC_TRA_E,R5210P,KTOE,HR,2018,0.000,
ESTAT:TEN00126(1.0),19/01/22 11:00:00,A,FC_TRA_E,R5210P,KTOE,HR,2019,0.000,
ESTAT:TEN00126(1.0),19/01/22 11:00:00,A,FC_TRA_E,R5210P,KTOE,HR,2020,0.000,
ESTAT:TEN00126(1.0),19/01/22 11:00:00,A,FC_TRA_E,R5210P,KTOE,HU,2009,0.000,
ESTAT:TEN00126(1.0),19/01/22 11:00:00,A,FC_TRA_E,R5210P,KTOE,HU,2010,0.000,
ESTAT:TEN00126(1.0),19/01/22 11:00:00,A,FC_TRA_E,R5210P,KTOE,HU,2011,0.000,
ESTAT:TEN00126(1.0),19/01/22 11:00:00,A,FC_TRA_E,R5210P,KTOE,HU,2012,0.000,
ESTAT:TEN00126(1.0),19/01/22 11:00:00,A,FC_TRA_E,R5210P,KTOE,HU,2013,0.000,
ESTAT:TEN00126(1.0),19/01/22 11:00:00,A,FC_TRA_E,R5210P,KTOE,HU,2014,0.000,
ESTAT:TEN00126(1.0),19/01/22 11:00:00,A,FC_TRA_E,R5210P,KTOE,HU,2015,0.000,
ESTAT:TEN00126(1.0),19/01/22 11:00:00,A,FC_TRA_E,R5210P,KTOE,HU,2016,0.000,
ESTAT:TEN00126(1.0),19/01/22 11:00:00,A,FC_TRA_E,R5210P,KTOE,HU,2017,0.000,
ESTAT:TEN00126(1.0),19/01/22 11:00:00,A,FC_TRA_E,R5210P,KTOE,HU,2018,0.000,
ESTAT:TEN00126(1.0),19/01/22 11:00:00,A,FC_TRA_E,R5210P,KTOE,HU,2019,0.000,
ESTAT:TEN00126(1.0),19/01/22 11:00:00,A,FC_TRA_E,R5210P,KTOE,HU,2020,0.000,
ESTAT:TEN00126(1.0),19/01/22 11:00:00,A,FC_TRA_E,R5210P,KTOE,IE,2009,0.000,
ESTAT:TEN00126(1.0),19/01/22 11:00:00,A,FC_TRA_E,R5210P,KTOE,IE,2010,0.000,
ESTAT:TEN00126(1.0),19/01/22 11:00:00,A,FC_TRA_E,R5210P,KTOE,IE,2011,0.000,
ESTAT:TEN00126(1.0),19/01/22 11:00:00,A,FC_TRA_E,R5210P,KTOE,IE,2012,0.000,
ESTAT:TEN00126(1.0),19/01/22 11:00:00,A,FC_TRA_E,R5210P,KTOE,IE,2013,0.000,
ESTAT:TEN00126(1.0),19/01/22 11:00:00,A,FC_TRA_E,R5210P,KTOE,IE,2014,0.000,
ESTAT:TEN00126(1.0),19/01/22 11:00:00,A,FC_TRA_E,R5210P,KTOE,IE,2015,0.000,
ESTAT:TEN00126(1.0),19/01/22 11:00:00,A,FC_TRA_E,R5210P,KTOE,IE,2016,0.000,
ESTAT:TEN00126(1.0),19/01/22 11:00:00,A,FC_TRA_E,R5210P,KTOE,IE,2017,0.000,
ESTAT:TEN00126(1.0),19/01/22 11:00:00,A,FC_TRA_E,R5210P,KTOE,IE,2018,0.000,
ESTAT:TEN00126(1.0),19/01/22 11:00:00,A,FC_TRA_E,R5210P,KTOE,IE,2019,0.000,
ESTAT:TEN00126(1.0),19/01/22 11:00:00,A,FC_TRA_E,R5210P,KTOE,IE,2020,0.000,
ESTAT:TEN00126(1.0),19/01/22 11:00:00,A,FC_TRA_E,R5210P,KTOE,IS,2009,0.000,
ESTAT:TEN00126(1.0),19/01/22 11:00:00,A,FC_TRA_E,R5210P,KTOE,IS,2010,0.000,
ESTAT:TEN00126(1.0),19/01/22 11:00:00,A,FC_TRA_E,R5210P,KTOE,IS,2011,0.000,
ESTAT:TEN00126(1.0),19/01/22 11:00:00,A,FC_TRA_E,R5210P,KTOE,IS,2012,0.000,
ESTAT:TEN00126(1.0),19/01/22 11:00:00,A,FC_TRA_E,R5210P,KTOE,IS,2013,0.000,
ESTAT:TEN00126(1.0),19/01/22 11:00:00,A,FC_TRA_E,R5210P,KTOE,IS,2014,0.000,
ESTAT:TEN00126(1.0),19/01/22 11:00:00,A,FC_TRA_E,R5210P,KTOE,IS,2015,0.000,
ESTAT:TEN00126(1.0),19/01/22 11:00:00,A,FC_TRA_E,R5210P,KTOE,IS,2016,0.000,
ESTAT:TEN00126(1.0),19/01/22 11:00:00,A,FC_TRA_E,R5210P,KTOE,IS,2017,0.000,
ESTAT:TEN00126(1.0),19/01/22 11:00:00,A,FC_TRA_E,R5210P,KTOE,IS,2018,0.000,
ESTAT:TEN00126(1.0),19/01/22 11:00:00,A,FC_TRA_E,R5210P,KTOE,IS,2019,0.000,
ESTAT:TEN00126(1.0),19/01/22 11:00:00,A,FC_TRA_E,R5210P,KTOE,IS,2020,0.000,
ESTAT:TEN00126(1.0),19/01/22 11:00:00,A,FC_TRA_E,R5210P,KTOE,IT,2009,0.000,
ESTAT:TEN00126(1.0),19/01/22 11:00:00,A,FC_TRA_E,R5210P,KTOE,IT,2010,0.000,
ESTAT:TEN00126(1.0),19/01/22 11:00:00,A,FC_TRA_E,R5210P,KTOE,IT,2011,0.000,
ESTAT:TEN00126(1.0),19/01/22 11:00:00,A,FC_TRA_E,R5210P,KTOE,IT,2012,0.000,
ESTAT:TEN00126(1.0),19/01/22 11:00:00,A,FC_TRA_E,R5210P,KTOE,IT,2013,0.000,
ESTAT:TEN00126(1.0),19/01/22 11:00:00,A,FC_TRA_E,R5210P,KTOE,IT,2014,0.000,
ESTAT:TEN00126(1.0),19/01/22 11:00:00,A,FC_TRA_E,R5210P,KTOE,IT,2015,0.000,
ESTAT:TEN00126(1.0),19/01/22 11:00:00,A,FC_TRA_E,R5210P,KTOE,IT,2016,0.000,
ESTAT:TEN00126(1.0),19/01/22 11:00:00,A,FC_TRA_E,R5210P,KTOE,IT,2017,0.000,
ESTAT:TEN00126(1.0),19/01/22 11:00:00,A,FC_TRA_E,R5210P,KTOE,IT,2018,0.000,
ESTAT:TEN00126(1.0),19/01/22 11:00:00,A,FC_TRA_E,R5210P,KTOE,IT,2019,0.000,
ESTAT:TEN00126(1.0),19/01/22 11:00:00,A,FC_TRA_E,R5210P,KTOE,IT,2020,0.000,
ESTAT:TEN00126(1.0),19/01/22 11:00:00,A,FC_TRA_E,R5210P,KTOE,LT,2009,0.000,
ESTAT:TEN00126(1.0),19/01/22 11:00:00,A,FC_TRA_E,R5210P,KTOE,LT,2010,0.000,
ESTAT:TEN00126(1.0),19/01/22 11:00:00,A,FC_TRA_E,R5210P,KTOE,LT,2011,0.000,
ESTAT:TEN00126(1.0),19/01/22 11:00:00,A,FC_TRA_E,R5210P,KTOE,LT,2012,0.000,
ESTAT:TEN00126(1.0),19/01/22 11:00:00,A,FC_TRA_E,R5210P,KTOE,LT,2013,0.000,
ESTAT:TEN00126(1.0),19/01/22 11:00:00,A,FC_TRA_E,R5210P,KTOE,LT,2014,0.000,
ESTAT:TEN00126(1.0),19/01/22 11:00:00,A,FC_TRA_E,R5210P,KTOE,LT,2015,0.000,
ESTAT:TEN00126(1.0),19/01/22 11:00:00,A,FC_TRA_E,R5210P,KTOE,LT,2016,0.000,
ESTAT:TEN00126(1.0),19/01/22 11:00:00,A,FC_TRA_E,R5210P,KTOE,LT,2017,0.000,
ESTAT:TEN00126(1.0),19/01/22 11:00:00,A,FC_TRA_E,R5210P,KTOE,LT,2018,0.000,
ESTAT:TEN00126(1.0),19/01/22 11:00:00,A,FC_TRA_E,R5210P,KTOE,LT,2019,0.000,
ESTAT:TEN00126(1.0),19/01/22 11:00:00,A,FC_TRA_E,R5210P,KTOE,LT,2020,0.000,
ESTAT:TEN00126(1.0),19/01/22 11:00:00,A,FC_TRA_E,R5210P,KTOE,LU,2009,0.000,
ESTAT:TEN00126(1.0),19/01/22 11:00:00,A,FC_TRA_E,R5210P,KTOE,LU,2010,0.000,
ESTAT:TEN00126(1.0),19/01/22 11:00:00,A,FC_TRA_E,R5210P,KTOE,LU,2011,0.000,
ESTAT:TEN00126(1.0),19/01/22 11:00:00,A,FC_TRA_E,R5210P,KTOE,LU,2012,0.000,
ESTAT:TEN00126(1.0),19/01/22 11:00:00,A,FC_TRA_E,R5210P,KTOE,LU,2013,0.000,
ESTAT:TEN00126(1.0),19/01/22 11:00:00,A,FC_TRA_E,R5210P,KTOE,LU,2014,0.000,
ESTAT:TEN00126(1.0),19/01/22 11:00:00,A,FC_TRA_E,R5210P,KTOE,LU,2015,0.000,
ESTAT:TEN00126(1.0),19/01/22 11:00:00,A,FC_TRA_E,R5210P,KTOE,LU,2016,0.000,
ESTAT:TEN00126(1.0),19/01/22 11:00:00,A,FC_TRA_E,R5210P,KTOE,LU,2017,0.000,
ESTAT:TEN00126(1.0),19/01/22 11:00:00,A,FC_TRA_E,R5210P,KTOE,LU,2018,0.000,
ESTAT:TEN00126(1.0),19/01/22 11:00:00,A,FC_TRA_E,R5210P,KTOE,LU,2019,0.000,
ESTAT:TEN00126(1.0),19/01/22 11:00:00,A,FC_TRA_E,R5210P,KTOE,LU,2020,0.000,
ESTAT:TEN00126(1.0),19/01/22 11:00:00,A,FC_TRA_E,R5210P,KTOE,LV,2009,0.000,
ESTAT:TEN00126(1.0),19/01/22 11:00:00,A,FC_TRA_E,R5210P,KTOE,LV,2010,0.000,
ESTAT:TEN00126(1.0),19/01/22 11:00:00,A,FC_TRA_E,R5210P,KTOE,LV,2011,0.000,
ESTAT:TEN00126(1.0),19/01/22 11:00:00,A,FC_TRA_E,R5210P,KTOE,LV,2012,0.000,
ESTAT:TEN00126(1.0),19/01/22 11:00:00,A,FC_TRA_E,R5210P,KTOE,LV,2013,0.000,
ESTAT:TEN00126(1.0),19/01/22 11:00:00,A,FC_TRA_E,R5210P,KTOE,LV,2014,0.000,
ESTAT:TEN00126(1.0),19/01/22 11:00:00,A,FC_TRA_E,R5210P,KTOE,LV,2015,0.000,
ESTAT:TEN00126(1.0),19/01/22 11:00:00,A,FC_TRA_E,R5210P,KTOE,LV,2016,0.000,
ESTAT:TEN00126(1.0),19/01/22 11:00:00,A,FC_TRA_E,R5210P,KTOE,LV,2017,0.000,
ESTAT:TEN00126(1.0),19/01/22 11:00:00,A,FC_TRA_E,R5210P,KTOE,LV,2018,0.000,
ESTAT:TEN00126(1.0),19/01/22 11:00:00,A,FC_TRA_E,R5210P,KTOE,LV,2019,0.000,
ESTAT:TEN00126(1.0),19/01/22 11:00:00,A,FC_TRA_E,R5210P,KTOE,LV,2020,0.000,
ESTAT:TEN00126(1.0),19/01/22 11:00:00,A,FC_TRA_E,R5210P,KTOE,MD,2010,0.000,
ESTAT:TEN00126(1.0),19/01/22 11:00:00,A,FC_TRA_E,R5210P,KTOE,MD,2011,0.000,
ESTAT:TEN00126(1.0),19/01/22 11:00:00,A,FC_TRA_E,R5210P,KTOE,MD,2012,0.000,
ESTAT:TEN00126(1.0),19/01/22 11:00:00,A,FC_TRA_E,R5210P,KTOE,MD,2013,0.000,
ESTAT:TEN00126(1.0),19/01/22 11:00:00,A,FC_TRA_E,R5210P,KTOE,MD,2014,0.000,
ESTAT:TEN00126(1.0),19/01/22 11:00:00,A,FC_TRA_E,R5210P,KTOE,MD,2015,0.000,
ESTAT:TEN00126(1.0),19/01/22 11:00:00,A,FC_TRA_E,R5210P,KTOE,MD,2016,0.000,
ESTAT:TEN00126(1.0),19/01/22 11:00:00,A,FC_TRA_E,R5210P,KTOE,MD,2017,0.000,
ESTAT:TEN00126(1.0),19/01/22 11:00:00,A,FC_TRA_E,R5210P,KTOE,MD,2018,0.000,
ESTAT:TEN00126(1.0),19/01/22 11:00:00,A,FC_TRA_E,R5210P,KTOE,MD,2019,0.000,
ESTAT:TEN00126(1.0),19/01/22 11:00:00,A,FC_TRA_E,R5210P,KTOE,MD,2020,0.000,
ESTAT:TEN00126(1.0),19/01/22 11:00:00,A,FC_TRA_E,R5210P,KTOE,ME,2009,0.000,
ESTAT:TEN00126(1.0),19/01/22 11:00:00,A,FC_TRA_E,R5210P,KTOE,ME,2010,0.000,
ESTAT:TEN00126(1.0),19/01/22 11:00:00,A,FC_TRA_E,R5210P,KTOE,ME,2011,0.000,
ESTAT:TEN00126(1.0),19/01/22 11:00:00,A,FC_TRA_E,R5210P,KTOE,ME,2012,0.000,
ESTAT:TEN00126(1.0),19/01/22 11:00:00,A,FC_TRA_E,R5210P,KTOE,ME,2013,0.000,
ESTAT:TEN00126(1.0),19/01/22 11:00:00,A,FC_TRA_E,R5210P,KTOE,ME,2014,0.000,
ESTAT:TEN00126(1.0),19/01/22 11:00:00,A,FC_TRA_E,R5210P,KTOE,ME,2015,0.000,
ESTAT:TEN00126(1.0),19/01/22 11:00:00,A,FC_TRA_E,R5210P,KTOE,ME,2016,0.000,
ESTAT:TEN00126(1.0),19/01/22 11:00:00,A,FC_TRA_E,R5210P,KTOE,ME,2017,0.000,
ESTAT:TEN00126(1.0),19/01/22 11:00:00,A,FC_TRA_E,R5210P,KTOE,ME,2018,0.000,
ESTAT:TEN00126(1.0),19/01/22 11:00:00,A,FC_TRA_E,R5210P,KTOE,ME,2019,0.000,
ESTAT:TEN00126(1.0),19/01/22 11:00:00,A,FC_TRA_E,R5210P,KTOE,ME,2020,0.000,
ESTAT:TEN00126(1.0),19/01/22 11:00:00,A,FC_TRA_E,R5210P,KTOE,MK,2009,0.000,
ESTAT:TEN00126(1.0),19/01/22 11:00:00,A,FC_TRA_E,R5210P,KTOE,MK,2010,0.000,
ESTAT:TEN00126(1.0),19/01/22 11:00:00,A,FC_TRA_E,R5210P,KTOE,MK,2011,0.000,
ESTAT:TEN00126(1.0),19/01/22 11:00:00,A,FC_TRA_E,R5210P,KTOE,MK,2012,0.000,
ESTAT:TEN00126(1.0),19/01/22 11:00:00,A,FC_TRA_E,R5210P,KTOE,MK,2013,0.000,
ESTAT:TEN00126(1.0),19/01/22 11:00:00,A,FC_TRA_E,R5210P,KTOE,MK,2014,0.000,
ESTAT:TEN00126(1.0),19/01/22 11:00:00,A,FC_TRA_E,R5210P,KTOE,MK,2015,0.000,
ESTAT:TEN00126(1.0),19/01/22 11:00:00,A,FC_TRA_E,R5210P,KTOE,MK,2016,0.000,
ESTAT:TEN00126(1.0),19/01/22 11:00:00,A,FC_TRA_E,R5210P,KTOE,MK,2017,0.000,
ESTAT:TEN00126(1.0),19/01/22 11:00:00,A,FC_TRA_E,R5210P,KTOE,MK,2018,0.000,
ESTAT:TEN00126(1.0),19/01/22 11:00:00,A,FC_TRA_E,R5210P,KTOE,MK,2019,0.000,
ESTAT:TEN00126(1.0),19/01/22 11:00:00,A,FC_TRA_E,R5210P,KTOE,MK,2020,0.000,
ESTAT:TEN00126(1.0),19/01/22 11:00:00,A,FC_TRA_E,R5210P,KTOE,MT,2009,0.000,
ESTAT:TEN00126(1.0),19/01/22 11:00:00,A,FC_TRA_E,R5210P,KTOE,MT,2010,0.000,
ESTAT:TEN00126(1.0),19/01/22 11:00:00,A,FC_TRA_E,R5210P,KTOE,MT,2011,0.000,
ESTAT:TEN00126(1.0),19/01/22 11:00:00,A,FC_TRA_E,R5210P,KTOE,MT,2012,0.000,
ESTAT:TEN00126(1.0),19/01/22 11:00:00,A,FC_TRA_E,R5210P,KTOE,MT,2013,0.000,
ESTAT:TEN00126(1.0),19/01/22 11:00:00,A,FC_TRA_E,R5210P,KTOE,MT,2014,0.000,
ESTAT:TEN00126(1.0),19/01/22 11:00:00,A,FC_TRA_E,R5210P,KTOE,MT,2015,0.000,
ESTAT:TEN00126(1.0),19/01/22 11:00:00,A,FC_TRA_E,R5210P,KTOE,MT,2016,0.000,
ESTAT:TEN00126(1.0),19/01/22 11:00:00,A,FC_TRA_E,R5210P,KTOE,MT,2017,0.000,
ESTAT:TEN00126(1.0),19/01/22 11:00:00,A,FC_TRA_E,R5210P,KTOE,MT,2018,0.000,
ESTAT:TEN00126(1.0),19/01/22 11:00:00,A,FC_TRA_E,R5210P,KTOE,MT,2019,0.000,
ESTAT:TEN00126(1.0),19/01/22 11:00:00,A,FC_TRA_E,R5210P,KTOE,MT,2020,0.000,
ESTAT:TEN00126(1.0),19/01/22 11:00:00,A,FC_TRA_E,R5210P,KTOE,NL,2009,0.000,
ESTAT:TEN00126(1.0),19/01/22 11:00:00,A,FC_TRA_E,R5210P,KTOE,NL,2010,0.000,
ESTAT:TEN00126(1.0),19/01/22 11:00:00,A,FC_TRA_E,R5210P,KTOE,NL,2011,0.000,
ESTAT:TEN00126(1.0),19/01/22 11:00:00,A,FC_TRA_E,R5210P,KTOE,NL,2012,0.000,
ESTAT:TEN00126(1.0),19/01/22 11:00:00,A,FC_TRA_E,R5210P,KTOE,NL,2013,0.000,
ESTAT:TEN00126(1.0),19/01/22 11:00:00,A,FC_TRA_E,R5210P,KTOE,NL,2014,0.000,
ESTAT:TEN00126(1.0),19/01/22 11:00:00,A,FC_TRA_E,R5210P,KTOE,NL,2015,0.000,
ESTAT:TEN00126(1.0),19/01/22 11:00:00,A,FC_TRA_E,R5210P,KTOE,NL,2016,0.000,
ESTAT:TEN00126(1.0),19/01/22 11:00:00,A,FC_TRA_E,R5210P,KTOE,NL,2017,0.000,
ESTAT:TEN00126(1.0),19/01/22 11:00:00,A,FC_TRA_E,R5210P,KTOE,NL,2018,0.000,
ESTAT:TEN00126(1.0),19/01/22 11:00:00,A,FC_TRA_E,R5210P,KTOE,NL,2019,0.000,
ESTAT:TEN00126(1.0),19/01/22 11:00:00,A,FC_TRA_E,R5210P,KTOE,NL,2020,0.000,
ESTAT:TEN00126(1.0),19/01/22 11:00:00,A,FC_TRA_E,R5210P,KTOE,NO,2009,0.000,
ESTAT:TEN00126(1.0),19/01/22 11:00:00,A,FC_TRA_E,R5210P,KTOE,NO,2010,0.000,
ESTAT:TEN00126(1.0),19/01/22 11:00:00,A,FC_TRA_E,R5210P,KTOE,NO,2011,0.000,
ESTAT:TEN00126(1.0),19/01/22 11:00:00,A,FC_TRA_E,R5210P,KTOE,NO,2012,0.000,
ESTAT:TEN00126(1.0),19/01/22 11:00:00,A,FC_TRA_E,R5210P,KTOE,NO,2013,0.000,
ESTAT:TEN00126(1.0),19/01/22 11:00:00,A,FC_TRA_E,R5210P,KTOE,NO,2014,0.000,
ESTAT:TEN00126(1.0),19/01/22 11:00:00,A,FC_TRA_E,R5210P,KTOE,NO,2015,0.000,
ESTAT:TEN00126(1.0),19/01/22 11:00:00,A,FC_TRA_E,R5210P,KTOE,NO,2016,0.000,
ESTAT:TEN00126(1.0),19/01/22 11:00:00,A,FC_TRA_E,R5210P,KTOE,NO,2017,0.000,
ESTAT:TEN00126(1.0),19/01/22 11:00:00,A,FC_TRA_E,R5210P,KTOE,NO,2018,0.000,
ESTAT:TEN00126(1.0),19/01/22 11:00:00,A,FC_TRA_E,R5210P,KTOE,NO,2019,0.000,
ESTAT:TEN00126(1.0),19/01/22 11:00:00,A,FC_TRA_E,R5210P,KTOE,NO,2020,0.000,
ESTAT:TEN00126(1.0),19/01/22 11:00:00,A,FC_TRA_E,R5210P,KTOE,PL,2009,0.000,
ESTAT:TEN00126(1.0),19/01/22 11:00:00,A,FC_TRA_E,R5210P,KTOE,PL,2010,0.000,
ESTAT:TEN00126(1.0),19/01/22 11:00:00,A,FC_TRA_E,R5210P,KTOE,PL,2011,0.000,
ESTAT:TEN00126(1.0),19/01/22 11:00:00,A,FC_TRA_E,R5210P,KTOE,PL,2012,0.000,
ESTAT:TEN00126(1.0),19/01/22 11:00:00,A,FC_TRA_E,R5210P,KTOE,PL,2013,0.000,
ESTAT:TEN00126(1.0),19/01/22 11:00:00,A,FC_TRA_E,R5210P,KTOE,PL,2014,0.000,
ESTAT:TEN00126(1.0),19/01/22 11:00:00,A,FC_TRA_E,R5210P,KTOE,PL,2015,0.000,
ESTAT:TEN00126(1.0),19/01/22 11:00:00,A,FC_TRA_E,R5210P,KTOE,PL,2016,0.000,
ESTAT:TEN00126(1.0),19/01/22 11:00:00,A,FC_TRA_E,R5210P,KTOE,PL,2017,0.000,
ESTAT:TEN00126(1.0),19/01/22 11:00:00,A,FC_TRA_E,R5210P,KTOE,PL,2018,0.000,
ESTAT:TEN00126(1.0),19/01/22 11:00:00,A,FC_TRA_E,R5210P,KTOE,PL,2019,0.000,
ESTAT:TEN00126(1.0),19/01/22 11:00:00,A,FC_TRA_E,R5210P,KTOE,PL,2020,0.000,
ESTAT:TEN00126(1.0),19/01/22 11:00:00,A,FC_TRA_E,R5210P,KTOE,PT,2009,0.000,
ESTAT:TEN00126(1.0),19/01/22 11:00:00,A,FC_TRA_E,R5210P,KTOE,PT,2010,0.000,
ESTAT:TEN00126(1.0),19/01/22 11:00:00,A,FC_TRA_E,R5210P,KTOE,PT,2011,0.000,
ESTAT:TEN00126(1.0),19/01/22 11:00:00,A,FC_TRA_E,R5210P,KTOE,PT,2012,0.000,
ESTAT:TEN00126(1.0),19/01/22 11:00:00,A,FC_TRA_E,R5210P,KTOE,PT,2013,0.000,
ESTAT:TEN00126(1.0),19/01/22 11:00:00,A,FC_TRA_E,R5210P,KTOE,PT,2014,0.000,
ESTAT:TEN00126(1.0),19/01/22 11:00:00,A,FC_TRA_E,R5210P,KTOE,PT,2015,0.000,
ESTAT:TEN00126(1.0),19/01/22 11:00:00,A,FC_TRA_E,R5210P,KTOE,PT,2016,0.000,
ESTAT:TEN00126(1.0),19/01/22 11:00:00,A,FC_TRA_E,R5210P,KTOE,PT,2017,0.000,
ESTAT:TEN00126(1.0),19/01/22 11:00:00,A,FC_TRA_E,R5210P,KTOE,PT,2018,0.000,
ESTAT:TEN00126(1.0),19/01/22 11:00:00,A,FC_TRA_E,R5210P,KTOE,PT,2019,0.000,
ESTAT:TEN00126(1.0),19/01/22 11:00:00,A,FC_TRA_E,R5210P,KTOE,PT,2020,0.000,
ESTAT:TEN00126(1.0),19/01/22 11:00:00,A,FC_TRA_E,R5210P,KTOE,RO,2009,0.000,
ESTAT:TEN00126(1.0),19/01/22 11:00:00,A,FC_TRA_E,R5210P,KTOE,RO,2010,0.000,
ESTAT:TEN00126(1.0),19/01/22 11:00:00,A,FC_TRA_E,R5210P,KTOE,RO,2011,0.000,
ESTAT:TEN00126(1.0),19/01/22 11:00:00,A,FC_TRA_E,R5210P,KTOE,RO,2012,0.000,
ESTAT:TEN00126(1.0),19/01/22 11:00:00,A,FC_TRA_E,R5210P,KTOE,RO,2013,0.000,
ESTAT:TEN00126(1.0),19/01/22 11:00:00,A,FC_TRA_E,R5210P,KTOE,RO,2014,0.000,
ESTAT:TEN00126(1.0),19/01/22 11:00:00,A,FC_TRA_E,R5210P,KTOE,RO,2015,0.000,
ESTAT:TEN00126(1.0),19/01/22 11:00:00,A,FC_TRA_E,R5210P,KTOE,RO,2016,0.000,
ESTAT:TEN00126(1.0),19/01/22 11:00:00,A,FC_TRA_E,R5210P,KTOE,RO,2017,0.000,
ESTAT:TEN00126(1.0),19/01/22 11:00:00,A,FC_TRA_E,R5210P,KTOE,RO,2018,0.000,
ESTAT:TEN00126(1.0),19/01/22 11:00:00,A,FC_TRA_E,R5210P,KTOE,RO,2019,0.000,
ESTAT:TEN00126(1.0),19/01/22 11:00:00,A,FC_TRA_E,R5210P,KTOE,RO,2020,0.000,
ESTAT:TEN00126(1.0),19/01/22 11:00:00,A,FC_TRA_E,R5210P,KTOE,RS,2009,0.000,
ESTAT:TEN00126(1.0),19/01/22 11:00:00,A,FC_TRA_E,R5210P,KTOE,RS,2010,0.000,
ESTAT:TEN00126(1.0),19/01/22 11:00:00,A,FC_TRA_E,R5210P,KTOE,RS,2011,0.000,
ESTAT:TEN00126(1.0),19/01/22 11:00:00,A,FC_TRA_E,R5210P,KTOE,RS,2012,0.000,
ESTAT:TEN00126(1.0),19/01/22 11:00:00,A,FC_TRA_E,R5210P,KTOE,RS,2013,0.000,
ESTAT:TEN00126(1.0),19/01/22 11:00:00,A,FC_TRA_E,R5210P,KTOE,RS,2014,0.000,
ESTAT:TEN00126(1.0),19/01/22 11:00:00,A,FC_TRA_E,R5210P,KTOE,RS,2015,0.000,
ESTAT:TEN00126(1.0),19/01/22 11:00:00,A,FC_TRA_E,R5210P,KTOE,RS,2016,0.000,
ESTAT:TEN00126(1.0),19/01/22 11:00:00,A,FC_TRA_E,R5210P,KTOE,RS,2017,0.000,
ESTAT:TEN00126(1.0),19/01/22 11:00:00,A,FC_TRA_E,R5210P,KTOE,RS,2018,0.000,
ESTAT:TEN00126(1.0),19/01/22 11:00:00,A,FC_TRA_E,R5210P,KTOE,RS,2019,0.000,
ESTAT:TEN00126(1.0),19/01/22 11:00:00,A,FC_TRA_E,R5210P,KTOE,RS,2020,0.000,
ESTAT:TEN00126(1.0),19/01/22 11:00:00,A,FC_TRA_E,R5210P,KTOE,SE,2009,11.694,
ESTAT:TEN00126(1.0),19/01/22 11:00:00,A,FC_TRA_E,R5210P,KTOE,SE,2010,13.241,
ESTAT:TEN00126(1.0),19/01/22 11:00:00,A,FC_TRA_E,R5210P,KTOE,SE,2011,17.672,
ESTAT:TEN00126(1.0),19/01/22 11:00:00,A,FC_TRA_E,R5210P,KTOE,SE,2012,18.307,
ESTAT:TEN00126(1.0),19/01/22 11:00:00,A,FC_TRA_E,R5210P,KTOE,SE,2013,18.146,
ESTAT:TEN00126(1.0),19/01/22 11:00:00,A,FC_TRA_E,R5210P,KTOE,SE,2014,16.580,
ESTAT:TEN00126(1.0),19/01/22 11:00:00,A,FC_TRA_E,R5210P,KTOE,SE,2015,17.148,
ESTAT:TEN00126(1.0),19/01/22 11:00:00,A,FC_TRA_E,R5210P,KTOE,SE,2016,10.632,
ESTAT:TEN00126(1.0),19/01/22 11:00:00,A,FC_TRA_E,R5210P,KTOE,SE,2017,7.615,
ESTAT:TEN00126(1.0),19/01/22 11:00:00,A,FC_TRA_E,R5210P,KTOE,SE,2018,5.711,
ESTAT:TEN00126(1.0),19/01/22 11:00:00,A,FC_TRA_E,R5210P,KTOE,SE,2019,3.173,
ESTAT:TEN00126(1.0),19/01/22 11:00:00,A,FC_TRA_E,R5210P,KTOE,SE,2020,3.173,
ESTAT:TEN00126(1.0),19/01/22 11:00:00,A,FC_TRA_E,R5210P,KTOE,SI,2009,0.000,
ESTAT:TEN00126(1.0),19/01/22 11:00:00,A,FC_TRA_E,R5210P,KTOE,SI,2010,0.000,
ESTAT:TEN00126(1.0),19/01/22 11:00:00,A,FC_TRA_E,R5210P,KTOE,SI,2011,0.000,
ESTAT:TEN00126(1.0),19/01/22 11:00:00,A,FC_TRA_E,R5210P,KTOE,SI,2012,0.000,
ESTAT:TEN00126(1.0),19/01/22 11:00:00,A,FC_TRA_E,R5210P,KTOE,SI,2013,0.000,
ESTAT:TEN00126(1.0),19/01/22 11:00:00,A,FC_TRA_E,R5210P,KTOE,SI,2014,0.000,
ESTAT:TEN00126(1.0),19/01/22 11:00:00,A,FC_TRA_E,R5210P,KTOE,SI,2015,0.000,
ESTAT:TEN00126(1.0),19/01/22 11:00:00,A,FC_TRA_E,R5210P,KTOE,SI,2016,0.000,
ESTAT:TEN00126(1.0),19/01/22 11:00:00,A,FC_TRA_E,R5210P,KTOE,SI,2017,0.000,
ESTAT:TEN00126(1.0),19/01/22 11:00:00,A,FC_TRA_E,R5210P,KTOE,SI,2018,0.000,
ESTAT:TEN00126(1.0),19/01/22 11:00:00,A,FC_TRA_E,R5210P,KTOE,SI,2019,0.000,
ESTAT:TEN00126(1.0),19/01/22 11:00:00,A,FC_TRA_E,R5210P,KTOE,SI,2020,0.000,
ESTAT:TEN00126(1.0),19/01/22 11:00:00,A,FC_TRA_E,R5210P,KTOE,SK,2009,0.000,
ESTAT:TEN00126(1.0),19/01/22 11:00:00,A,FC_TRA_E,R5210P,KTOE,SK,2010,0.000,
ESTAT:TEN00126(1.0),19/01/22 11:00:00,A,FC_TRA_E,R5210P,KTOE,SK,2011,0.000,
ESTAT:TEN00126(1.0),19/01/22 11:00:00,A,FC_TRA_E,R5210P,KTOE,SK,2012,0.000,
ESTAT:TEN00126(1.0),19/01/22 11:00:00,A,FC_TRA_E,R5210P,KTOE,SK,2013,0.000,
ESTAT:TEN00126(1.0),19/01/22 11:00:00,A,FC_TRA_E,R5210P,KTOE,SK,2014,0.000,
ESTAT:TEN00126(1.0),19/01/22 11:00:00,A,FC_TRA_E,R5210P,KTOE,SK,2015,0.000,
ESTAT:TEN00126(1.0),19/01/22 11:00:00,A,FC_TRA_E,R5210P,KTOE,SK,2016,0.000,
ESTAT:TEN00126(1.0),19/01/22 11:00:00,A,FC_TRA_E,R5210P,KTOE,SK,2017,0.000,
ESTAT:TEN00126(1.0),19/01/22 11:00:00,A,FC_TRA_E,R5210P,KTOE,SK,2018,0.000,
ESTAT:TEN00126(1.0),19/01/22 11:00:00,A,FC_TRA_E,R5210P,KTOE,SK,2019,0.000,
ESTAT:TEN00126(1.0),19/01/22 11:00:00,A,FC_TRA_E,R5210P,KTOE,SK,2020,0.000,
ESTAT:TEN00126(1.0),19/01/22 11:00:00,A,FC_TRA_E,R5210P,KTOE,TR,2009,0.000,
ESTAT:TEN00126(1.0),19/01/22 11:00:00,A,FC_TRA_E,R5210P,KTOE,TR,2010,0.000,
ESTAT:TEN00126(1.0),19/01/22 11:00:00,A,FC_TRA_E,R5210P,KTOE,TR,2011,0.000,
ESTAT:TEN00126(1.0),19/01/22 11:00:00,A,FC_TRA_E,R5210P,KTOE,TR,2012,0.000,
ESTAT:TEN00126(1.0),19/01/22 11:00:00,A,FC_TRA_E,R5210P,KTOE,TR,2013,0.000,
ESTAT:TEN00126(1.0),19/01/22 11:00:00,A,FC_TRA_E,R5210P,KTOE,TR,2014,0.000,
ESTAT:TEN00126(1.0),19/01/22 11:00:00,A,FC_TRA_E,R5210P,KTOE,TR,2015,0.000,
ESTAT:TEN00126(1.0),19/01/22 11:00:00,A,FC_TRA_E,R5210P,KTOE,TR,2016,0.000,
ESTAT:TEN00126(1.0),19/01/22 11:00:00,A,FC_TRA_E,R5210P,KTOE,TR,2017,0.000,
ESTAT:TEN00126(1.0),19/01/22 11:00:00,A,FC_TRA_E,R5210P,KTOE,TR,2018,0.000,
ESTAT:TEN00126(1.0),19/01/22 11:00:00,A,FC_TRA_E,R5210P,KTOE,TR,2019,0.000,
ESTAT:TEN00126(1.0),19/01/22 11:00:00,A,FC_TRA_E,R5210P,KTOE,TR,2020,0.000,
ESTAT:TEN00126(1.0),19/01/22 11:00:00,A,FC_TRA_E,R5210P,KTOE,UA,2009,0.000,
ESTAT:TEN00126(1.0),19/01/22 11:00:00,A,FC_TRA_E,R5210P,KTOE,UA,2010,0.000,
ESTAT:TEN00126(1.0),19/01/22 11:00:00,A,FC_TRA_E,R5210P,KTOE,UA,2011,0.000,
ESTAT:TEN00126(1.0),19/01/22 11:00:00,A,FC_TRA_E,R5210P,KTOE,UA,2012,0.000,
ESTAT:TEN00126(1.0),19/01/22 11:00:00,A,FC_TRA_E,R5210P,KTOE,UA,2013,0.000,
ESTAT:TEN00126(1.0),19/01/22 11:00:00,A,FC_TRA_E,R5210P,KTOE,UA,2014,0.000,
ESTAT:TEN00126(1.0),19/01/22 11:00:00,A,FC_TRA_E,R5210P,KTOE,UA,2015,0.000,
ESTAT:TEN00126(1.0),19/01/22 11:00:00,A,FC_TRA_E,R5210P,KTOE,UA,2016,0.000,
ESTAT:TEN00126(1.0),19/01/22 11:00:00,A,FC_TRA_E,R5210P,KTOE,UA,2017,0.000,
ESTAT:TEN00126(1.0),19/01/22 11:00:00,A,FC_TRA_E,R5210P,KTOE,UA,2018,0.000,
ESTAT:TEN00126(1.0),19/01/22 11:00:00,A,FC_TRA_E,R5210P,KTOE,UA,2019,0.000,
ESTAT:TEN00126(1.0),19/01/22 11:00:00,A,FC_TRA_E,R5210P,KTOE,UA,2020,0.000,
ESTAT:TEN00126(1.0),19/01/22 11:00:00,A,FC_TRA_E,R5210P,KTOE,UK,2009,0.000,
ESTAT:TEN00126(1.0),19/01/22 11:00:00,A,FC_TRA_E,R5210P,KTOE,UK,2010,0.000,
ESTAT:TEN00126(1.0),19/01/22 11:00:00,A,FC_TRA_E,R5210P,KTOE,UK,2011,0.000,
ESTAT:TEN00126(1.0),19/01/22 11:00:00,A,FC_TRA_E,R5210P,KTOE,UK,2012,0.000,
ESTAT:TEN00126(1.0),19/01/22 11:00:00,A,FC_TRA_E,R5210P,KTOE,UK,2013,0.000,
ESTAT:TEN00126(1.0),19/01/22 11:00:00,A,FC_TRA_E,R5210P,KTOE,UK,2014,0.000,
ESTAT:TEN00126(1.0),19/01/22 11:00:00,A,FC_TRA_E,R5210P,KTOE,UK,2015,0.000,
ESTAT:TEN00126(1.0),19/01/22 11:00:00,A,FC_TRA_E,R5210P,KTOE,UK,2016,0.000,
ESTAT:TEN00126(1.0),19/01/22 11:00:00,A,FC_TRA_E,R5210P,KTOE,UK,2017,0.000,
ESTAT:TEN00126(1.0),19/01/22 11:00:00,A,FC_TRA_E,R5210P,KTOE,UK,2018,0.000,
ESTAT:TEN00126(1.0),19/01/22 11:00:00,A,FC_TRA_E,R5210P,KTOE,UK,2019,0.000,
ESTAT:TEN00126(1.0),19/01/22 11:00:00,A,FC_TRA_E,R5210P,KTOE,XK,2009,0.000,
ESTAT:TEN00126(1.0),19/01/22 11:00:00,A,FC_TRA_E,R5210P,KTOE,XK,2010,0.000,
ESTAT:TEN00126(1.0),19/01/22 11:00:00,A,FC_TRA_E,R5210P,KTOE,XK,2011,0.000,
ESTAT:TEN00126(1.0),19/01/22 11:00:00,A,FC_TRA_E,R5210P,KTOE,XK,2012,0.000,
ESTAT:TEN00126(1.0),19/01/22 11:00:00,A,FC_TRA_E,R5210P,KTOE,XK,2013,0.000,
ESTAT:TEN00126(1.0),19/01/22 11:00:00,A,FC_TRA_E,R5210P,KTOE,XK,2014,0.000,
ESTAT:TEN00126(1.0),19/01/22 11:00:00,A,FC_TRA_E,R5210P,KTOE,XK,2015,0.000,
ESTAT:TEN00126(1.0),19/01/22 11:00:00,A,FC_TRA_E,R5210P,KTOE,XK,2016,0.000,
ESTAT:TEN00126(1.0),19/01/22 11:00:00,A,FC_TRA_E,R5210P,KTOE,XK,2017,0.000,
ESTAT:TEN00126(1.0),19/01/22 11:00:00,A,FC_TRA_E,R5210P,KTOE,XK,2018,0.000,
ESTAT:TEN00126(1.0),19/01/22 11:00:00,A,FC_TRA_E,R5210P,KTOE,XK,2019,0.000,
ESTAT:TEN00126(1.0),19/01/22 11:00:00,A,FC_TRA_E,R5210P,KTOE,XK,2020,0.000,
ESTAT:TEN00126(1.0),19/01/22 11:00:00,A,FC_TRA_E,R5220B,KTOE,AL,2009,0.000,
ESTAT:TEN00126(1.0),19/01/22 11:00:00,A,FC_TRA_E,R5220B,KTOE,AL,2010,0.000,
ESTAT:TEN00126(1.0),19/01/22 11:00:00,A,FC_TRA_E,R5220B,KTOE,AL,2011,0.000,
ESTAT:TEN00126(1.0),19/01/22 11:00:00,A,FC_TRA_E,R5220B,KTOE,AL,2012,0.000,
ESTAT:TEN00126(1.0),19/01/22 11:00:00,A,FC_TRA_E,R5220B,KTOE,AL,2013,0.000,
ESTAT:TEN00126(1.0),19/01/22 11:00:00,A,FC_TRA_E,R5220B,KTOE,AL,2014,25.815,
ESTAT:TEN00126(1.0),19/01/22 11:00:00,A,FC_TRA_E,R5220B,KTOE,AL,2015,30.266,
ESTAT:TEN00126(1.0),19/01/22 11:00:00,A,FC_TRA_E,R5220B,KTOE,AL,2016,81.896,
ESTAT:TEN00126(1.0),19/01/22 11:00:00,A,FC_TRA_E,R5220B,KTOE,AL,2017,78.220,
ESTAT:TEN00126(1.0),19/01/22 11:00:00,A,FC_TRA_E,R5220B,KTOE,AL,2018,111.272,
ESTAT:TEN00126(1.0),19/01/22 11:00:00,A,FC_TRA_E,R5220B,KTOE,AL,2019,120.174,
ESTAT:TEN00126(1.0),19/01/22 11:00:00,A,FC_TRA_E,R5220B,KTOE,AL,2020,102.371,
ESTAT:TEN00126(1.0),19/01/22 11:00:00,A,FC_TRA_E,R5220B,KTOE,AT,2009,318.746,
ESTAT:TEN00126(1.0),19/01/22 11:00:00,A,FC_TRA_E,R5220B,KTOE,AT,2010,339.008,
ESTAT:TEN00126(1.0),19/01/22 11:00:00,A,FC_TRA_E,R5220B,KTOE,AT,2011,332.884,
ESTAT:TEN00126(1.0),19/01/22 11:00:00,A,FC_TRA_E,R5220B,KTOE,AT,2012,349.549,
ESTAT:TEN00126(1.0),19/01/22 11:00:00,A,FC_TRA_E,R5220B,KTOE,AT,2013,365.358,
ESTAT:TEN00126(1.0),19/01/22 11:00:00,A,FC_TRA_E,R5220B,KTOE,AT,2014,361.073,
ESTAT:TEN00126(1.0),19/01/22 11:00:00,A,FC_TRA_E,R5220B,KTOE,AT,2015,374.951,
ESTAT:TEN00126(1.0),19/01/22 11:00:00,A,FC_TRA_E,R5220B,KTOE,AT,2016,381.780,
ESTAT:TEN00126(1.0),19/01/22 11:00:00,A,FC_TRA_E,R5220B,KTOE,AT,2017,380.932,
ESTAT:TEN00126(1.0),19/01/22 11:00:00,A,FC_TRA_E,R5220B,KTOE,AT,2018,364.872,
ESTAT:TEN00126(1.0),19/01/22 11:00:00,A,FC_TRA_E,R5220B,KTOE,AT,2019,363.229,
ESTAT:TEN00126(1.0),19/01/22 11:00:00,A,FC_TRA_E,R5220B,KTOE,AT,2020,329.155,
ESTAT:TEN00126(1.0),19/01/22 11:00:00,A,FC_TRA_E,R5220B,KTOE,BA,2014,0.000,
ESTAT:TEN00126(1.0),19/01/22 11:00:00,A,FC_TRA_E,R5220B,KTOE,BA,2015,0.000,
ESTAT:TEN00126(1.0),19/01/22 11:00:00,A,FC_TRA_E,R5220B,KTOE,BA,2016,0.000,
ESTAT:TEN00126(1.0),19/01/22 11:00:00,A,FC_TRA_E,R5220B,KTOE,BA,2017,0.000,
ESTAT:TEN00126(1.0),19/01/22 11:00:00,A,FC_TRA_E,R5220B,KTOE,BA,2018,0.000,
ESTAT:TEN00126(1.0),19/01/22 11:00:00,A,FC_TRA_E,R5220B,KTOE,BA,2019,0.000,
ESTAT:TEN00126(1.0),19/01/22 11:00:00,A,FC_TRA_E,R5220B,KTOE,BE,2009,114.320,
ESTAT:TEN00126(1.0),19/01/22 11:00:00,A,FC_TRA_E,R5220B,KTOE,BE,2010,308.638,
ESTAT:TEN00126(1.0),19/01/22 11:00:00,A,FC_TRA_E,R5220B,KTOE,BE,2011,297.733,
ESTAT:TEN00126(1.0),19/01/22 11:00:00,A,FC_TRA_E,R5220B,KTOE,BE,2012,297.776,
ESTAT:TEN00126(1.0),19/01/22 11:00:00,A,FC_TRA_E,R5220B,KTOE,BE,2013,295.458,
ESTAT:TEN00126(1.0),19/01/22 11:00:00,A,FC_TRA_E,R5220B,KTOE,BE,2014,380.405,
ESTAT:TEN00126(1.0),19/01/22 11:00:00,A,FC_TRA_E,R5220B,KTOE,BE,2015,220.759,
ESTAT:TEN00126(1.0),19/01/22 11:00:00,A,FC_TRA_E,R5220B,KTOE,BE,2016,398.019,
ESTAT:TEN00126(1.0),19/01/22 11:00:00,A,FC_TRA_E,R5220B,KTOE,BE,2017,381.774,
ESTAT:TEN00126(1.0),19/01/22 11:00:00,A,FC_TRA_E,R5220B,KTOE,BE,2018,365.299,
ESTAT:TEN00126(1.0),19/01/22 11:00:00,A,FC_TRA_E,R5220B,KTOE,BE,2019,355.854,
ESTAT:TEN00126(1.0),19/01/22 11:00:00,A,FC_TRA_E,R5220B,KTOE,BE,2020,572.255,
ESTAT:TEN00126(1.0),19/01/22 11:00:00,A,FC_TRA_E,R5220B,KTOE,BG,2009,3.486,
ESTAT:TEN00126(1.0),19/01/22 11:00:00,A,FC_TRA_E,R5220B,KTOE,BG,2010,10.457,
ESTAT:TEN00126(1.0),19/01/22 11:00:00,A,FC_TRA_E,R5220B,KTOE,BG,2011,17.186,
ESTAT:TEN00126(1.0),19/01/22 11:00:00,A,FC_TRA_E,R5220B,KTOE,BG,2012,85.928,
ESTAT:TEN00126(1.0),19/01/22 11:00:00,A,FC_TRA_E,R5220B,KTOE,BG,2013,95.878,
ESTAT:TEN00126(1.0),19/01/22 11:00:00,A,FC_TRA_E,R5220B,KTOE,BG,2014,95.878,
ESTAT:TEN00126(1.0),19/01/22 11:00:00,A,FC_TRA_E,R5220B,KTOE,BG,2015,113.968,
ESTAT:TEN00126(1.0),19/01/22 11:00:00,A,FC_TRA_E,R5220B,KTOE,BG,2016,130.249,
ESTAT:TEN00126(1.0),19/01/22 11:00:00,A,FC_TRA_E,R5220B,KTOE,BG,2017,139.594,
ESTAT:TEN00126(1.0),19/01/22 11:00:00,A,FC_TRA_E,R5220B,KTOE,BG,2018,135.032,
ESTAT:TEN00126(1.0),19/01/22 11:00:00,A,FC_TRA_E,R5220B,KTOE,BG,2019,147.614,
ESTAT:TEN00126(1.0),19/01/22 11:00:00,A,FC_TRA_E,R5220B,KTOE,BG,2020,145.550,
ESTAT:TEN00126(1.0),19/01/22 11:00:00,A,FC_TRA_E,R5220B,KTOE,CY,2009,15.023,
ESTAT:TEN00126(1.0),19/01/22 11:00:00,A,FC_TRA_E,R5220B,KTOE,CY,2010,15.023,
ESTAT:TEN00126(1.0),19/01/22 11:00:00,A,FC_TRA_E,R5220B,KTOE,CY,2011,15.907,
ESTAT:TEN00126(1.0),19/01/22 11:00:00,A,FC_TRA_E,R5220B,KTOE,CY,2012,15.907,
ESTAT:TEN00126(1.0),19/01/22 11:00:00,A,FC_TRA_E,R5220B,KTOE,CY,2013,15.023,
ESTAT:TEN00126(1.0),19/01/22 11:00:00,A,FC_TRA_E,R5220B,KTOE,CY,2014,9.721,
ESTAT:TEN00126(1.0),19/01/22 11:00:00,A,FC_TRA_E,R5220B,KTOE,CY,2015,9.721,
ESTAT:TEN00126(1.0),19/01/22 11:00:00,A,FC_TRA_E,R5220B,KTOE,CY,2016,8.837,
ESTAT:TEN00126(1.0),19/01/22 11:00:00,A,FC_TRA_E,R5220B,KTOE,CY,2017,8.570,
ESTAT:TEN00126(1.0),19/01/22 11:00:00,A,FC_TRA_E,R5220B,KTOE,CY,2018,8.950,
ESTAT:TEN00126(1.0),19/01/22 11:00:00,A,FC_TRA_E,R5220B,KTOE,CY,2019,10.739,
ESTAT:TEN00126(1.0),19/01/22 11:00:00,A,FC_TRA_E,R5220B,KTOE,CY,2020,24.763,
ESTAT:TEN00126(1.0),19/01/22 11:00:00,A,FC_TRA_E,R5220B,KTOE,CZ,2009,136.094,
ESTAT:TEN00126(1.0),19/01/22 11:00:00,A,FC_TRA_E,R5220B,KTOE,CZ,2010,173.211,
ESTAT:TEN00126(1.0),19/01/22 11:00:00,A,FC_TRA_E,R5220B,KTOE,CZ,2011,239.491,
ESTAT:TEN00126(1.0),19/01/22 11:00:00,A,FC_TRA_E,R5220B,KTOE,CZ,2012,219.165,
ESTAT:TEN00126(1.0),19/01/22 11:00:00,A,FC_TRA_E,R5220B,KTOE,CZ,2013,223.584,
ESTAT:TEN00126(1.0),19/01/22 11:00:00,A,FC_TRA_E,R5220B,KTOE,CZ,2014,250.979,
ESTAT:TEN00126(1.0),19/01/22 11:00:00,A,FC_TRA_E,R5220B,KTOE,CZ,2015,233.305,
ESTAT:TEN00126(1.0),19/01/22 11:00:00,A,FC_TRA_E,R5220B,KTOE,CZ,2016,252.747,
ESTAT:TEN00126(1.0),19/01/22 11:00:00,A,FC_TRA_E,R5220B,KTOE,CZ,2017,254.514,
ESTAT:TEN00126(1.0),19/01/22 11:00:00,A,FC_TRA_E,R5220B,KTOE,CZ,2018,247.444,
ESTAT:TEN00126(1.0),19/01/22 11:00:00,A,FC_TRA_E,R5220B,KTOE,CZ,2019,266.886,
ESTAT:TEN00126(1.0),19/01/22 11:00:00,A,FC_TRA_E,R5220B,KTOE,CZ,2020,306.654,
ESTAT:TEN00126(1.0),19/01/22 11:00:00,A,FC_TRA_E,R5220B,KTOE,DE,2009,1798.292,
ESTAT:TEN00126(1.0),19/01/22 11:00:00,A,FC_TRA_E,R5220B,KTOE,DE,2010,1844.425,
ESTAT:TEN00126(1.0),19/01/22 11:00:00,A,FC_TRA_E,R5220B,KTOE,DE,2011,1912.917,
ESTAT:TEN00126(1.0),19/01/22 11:00:00,A,FC_TRA_E,R5220B,KTOE,DE,2012,1994.409,
ESTAT:TEN00126(1.0),19/01/22 11:00:00,A,FC_TRA_E,R5220B,KTOE,DE,2013,1865.234,
ESTAT:TEN00126(1.0),19/01/22 11:00:00,A,FC_TRA_E,R5220B,KTOE,DE,2014,1952.484,
ESTAT:TEN00126(1.0),19/01/22 11:00:00,A,FC_TRA_E,R5220B,KTOE,DE,2015,1789.192,
ESTAT:TEN00126(1.0),19/01/22 11:00:00,A,FC_TRA_E,R5220B,KTOE,DE,2016,1792.109,
ESTAT:TEN00126(1.0),19/01/22 11:00:00,A,FC_TRA_E,R5220B,KTOE,DE,2017,1825.256,
ESTAT:TEN00126(1.0),19/01/22 11:00:00,A,FC_TRA_E,R5220B,KTOE,DE,2018,1911.118,
ESTAT:TEN00126(1.0),19/01/22 11:00:00,A,FC_TRA_E,R5220B,KTOE,DE,2019,1900.247,
ESTAT:TEN00126(1.0),19/01/22 11:00:00,A,FC_TRA_E,R5220B,KTOE,DE,2020,2575.667,
ESTAT:TEN00126(1.0),19/01/22 11:00:00,A,FC_TRA_E,R5220B,KTOE,DK,2009,3.583,
ESTAT:TEN00126(1.0),19/01/22 11:00:00,A,FC_TRA_E,R5220B,KTOE,DK,2010,0.000,
ESTAT:TEN00126(1.0),19/01/22 11:00:00,A,FC_TRA_E,R5220B,KTOE,DK,2011,83.298,
ESTAT:TEN00126(1.0),19/01/22 11:00:00,A,FC_TRA_E,R5220B,KTOE,DK,2012,155.847,
ESTAT:TEN00126(1.0),19/01/22 11:00:00,A,FC_TRA_E,R5220B,KTOE,DK,2013,162.117,
ESTAT:TEN00126(1.0),19/01/22 11:00:00,A,FC_TRA_E,R5220B,KTOE,DK,2014,168.707,
ESTAT:TEN00126(1.0),19/01/22 11:00:00,A,FC_TRA_E,R5220B,KTOE,DK,2015,170.261,
ESTAT:TEN00126(1.0),19/01/22 11:00:00,A,FC_TRA_E,R5220B,KTOE,DK,2016,173.465,
ESTAT:TEN00126(1.0),19/01/22 11:00:00,A,FC_TRA_E,R5220B,KTOE,DK,2017,171.837,
ESTAT:TEN00126(1.0),19/01/22 11:00:00,A,FC_TRA_E,R5220B,KTOE,DK,2018,170.982,
ESTAT:TEN00126(1.0),19/01/22 11:00:00,A,FC_TRA_E,R5220B,KTOE,DK,2019,182.662,
ESTAT:TEN00126(1.0),19/01/22 11:00:00,A,FC_TRA_E,R5220B,KTOE,DK,2020,171.719,
ESTAT:TEN00126(1.0),19/01/22 11:00:00,A,FC_TRA_E,R5220B,KTOE,EA19,2009,7088.752,
ESTAT:TEN00126(1.0),19/01/22 11:00:00,A,FC_TRA_E,R5220B,KTOE,EA19,2010,7906.005,
ESTAT:TEN00126(1.0),19/01/22 11:00:00,A,FC_TRA_E,R5220B,KTOE,EA19,2011,8354.872,
ESTAT:TEN00126(1.0),19/01/22 11:00:00,A,FC_TRA_E,R5220B,KTOE,EA19,2012,9099.204,
ESTAT:TEN00126(1.0),19/01/22 11:00:00,A,FC_TRA_E,R5220B,KTOE,EA19,2013,7807.108,
ESTAT:TEN00126(1.0),19/01/22 11:00:00,A,FC_TRA_E,R5220B,KTOE,EA19,2014,8490.280,
ESTAT:TEN00126(1.0),19/01/22 11:00:00,A,FC_TRA_E,R5220B,KTOE,EA19,2015,8321.550,
ESTAT:TEN00126(1.0),19/01/22 11:00:00,A,FC_TRA_E,R5220B,KTOE,EA19,2016,8071.683,
ESTAT:TEN00126(1.0),19/01/22 11:00:00,A,FC_TRA_E,R5220B,KTOE,EA19,2017,8710.783,
ESTAT:TEN00126(1.0),19/01/22 11:00:00,A,FC_TRA_E,R5220B,KTOE,EA19,2018,9484.491,
ESTAT:TEN00126(1.0),19/01/22 11:00:00,A,FC_TRA_E,R5220B,KTOE,EA19,2019,9690.633,
ESTAT:TEN00126(1.0),19/01/22 11:00:00,A,FC_TRA_E,R5220B,KTOE,EA19,2020,9750.238,
ESTAT:TEN00126(1.0),19/01/22 11:00:00,A,FC_TRA_E,R5220B,KTOE,EE,2009,1.665,
ESTAT:TEN00126(1.0),19/01/22 11:00:00,A,FC_TRA_E,R5220B,KTOE,EE,2010,3.258,
ESTAT:TEN00126(1.0),19/01/22 11:00:00,A,FC_TRA_E,R5220B,KTOE,EE,2011,0.656,
ESTAT:TEN00126(1.0),19/01/22 11:00:00,A,FC_TRA_E,R5220B,KTOE,EE,2012,0.000,
ESTAT:TEN00126(1.0),19/01/22 11:00:00,A,FC_TRA_E,R5220B,KTOE,EE,2013,0.000,
ESTAT:TEN00126(1.0),19/01/22 11:00:00,A,FC_TRA_E,R5220B,KTOE,EE,2014,0.000,
ESTAT:TEN00126(1.0),19/01/22 11:00:00,A,FC_TRA_E,R5220B,KTOE,EE,2015,0.000,
ESTAT:TEN00126(1.0),19/01/22 11:00:00,A,FC_TRA_E,R5220B,KTOE,EE,2016,0.000,
ESTAT:TEN00126(1.0),19/01/22 11:00:00,A,FC_TRA_E,R5220B,KTOE,EE,2017,1.511,
ESTAT:TEN00126(1.0),19/01/22 11:00:00,A,FC_TRA_E,R5220B,KTOE,EE,2018,12.574,
ESTAT:TEN00126(1.0),19/01/22 11:00:00,A,FC_TRA_E,R5220B,KTOE,EE,2019,20.023,
ESTAT:TEN00126(1.0),19/01/22 11:00:00,A,FC_TRA_E,R5220B,KTOE,EE,2020,32.739,
ESTAT:TEN00126(1.0),19/01/22 11:00:00,A,FC_TRA_E,R5220B,KTOE,EL,2009,76.001,
ESTAT:TEN00126(1.0),19/01/22 11:00:00,A,FC_TRA_E,R5220B,KTOE,EL,2010,124.606,
ESTAT:TEN00126(1.0),19/01/22 11:00:00,A,FC_TRA_E,R5220B,KTOE,EL,2011,103.396,
ESTAT:TEN00126(1.0),19/01/22 11:00:00,A,FC_TRA_E,R5220B,KTOE,EL,2012,103.396,
ESTAT:TEN00126(1.0),19/01/22 11:00:00,A,FC_TRA_E,R5220B,KTOE,EL,2013,121.296,
ESTAT:TEN00126(1.0),19/01/22 11:00:00,A,FC_TRA_E,R5220B,KTOE,EL,2014,134.480,
ESTAT:TEN00126(1.0),19/01/22 11:00:00,A,FC_TRA_E,R5220B,KTOE,EL,2015,141.511,
ESTAT:TEN00126(1.0),19/01/22 11:00:00,A,FC_TRA_E,R5220B,KTOE,EL,2016,149.422,
ESTAT:TEN00126(1.0),19/01/22 11:00:00,A,FC_TRA_E,R5220B,KTOE,EL,2017,165.812,
ESTAT:TEN00126(1.0),19/01/22 11:00:00,A,FC_TRA_E,R5220B,KTOE,EL,2018,158.785,
ESTAT:TEN00126(1.0),19/01/22 11:00:00,A,FC_TRA_E,R5220B,KTOE,EL,2019,160.756,
ESTAT:TEN00126(1.0),19/01/22 11:00:00,A,FC_TRA_E,R5220B,KTOE,EL,2020,136.819,
ESTAT:TEN00126(1.0),19/01/22 11:00:00,A,FC_TRA_E,R5220B,KTOE,ES,2009,932.905,
ESTAT:TEN00126(1.0),19/01/22 11:00:00,A,FC_TRA_E,R5220B,KTOE,ES,2010,1220.861,
ESTAT:TEN00126(1.0),19/01/22 11:00:00,A,FC_TRA_E,R5220B,KTOE,ES,2011,1515.176,
ESTAT:TEN00126(1.0),19/01/22 11:00:00,A,FC_TRA_E,R5220B,KTOE,ES,2012,1952.106,
ESTAT:TEN00126(1.0),19/01/22 11:00:00,A,FC_TRA_E,R5220B,KTOE,ES,2013,740.329,
ESTAT:TEN00126(1.0),19/01/22 11:00:00,A,FC_TRA_E,R5220B,KTOE,ES,2014,783.931,
ESTAT:TEN00126(1.0),19/01/22 11:00:00,A,FC_TRA_E,R5220B,KTOE,ES,2015,792.140,
ESTAT:TEN00126(1.0),19/01/22 11:00:00,A,FC_TRA_E,R5220B,KTOE,ES,2016,983.272,
ESTAT:TEN00126(1.0),19/01/22 11:00:00,A,FC_TRA_E,R5220B,KTOE,ES,2017,1137.290,
ESTAT:TEN00126(1.0),19/01/22 11:00:00,A,FC_TRA_E,R5220B,KTOE,ES,2018,1486.556,
ESTAT:TEN00126(1.0),19/01/22 11:00:00,A,FC_TRA_E,R5220B,KTOE,ES,2019,1471.927,
ESTAT:TEN00126(1.0),19/01/22 11:00:00,A,FC_TRA_E,R5220B,KTOE,ES,2020,1281.365,
ESTAT:TEN00126(1.0),19/01/22 11:00:00,A,FC_TRA_E,R5220B,KTOE,EU27_2020,2009,7906.699,
ESTAT:TEN00126(1.0),19/01/22 11:00:00,A,FC_TRA_E,R5220B,KTOE,EU27_2020,2010,8898.607,
ESTAT:TEN00126(1.0),19/01/22 11:00:00,A,FC_TRA_E,R5220B,KTOE,EU27_2020,2011,9650.030,
ESTAT:TEN00126(1.0),19/01/22 11:00:00,A,FC_TRA_E,R5220B,KTOE,EU27_2020,2012,10638.298,
ESTAT:TEN00126(1.0),19/01/22 11:00:00,A,FC_TRA_E,R5220B,KTOE,EU27_2020,2013,9434.434,
ESTAT:TEN00126(1.0),19/01/22 11:00:00,A,FC_TRA_E,R5220B,KTOE,EU27_2020,2014,10222.172,
ESTAT:TEN00126(1.0),19/01/22 11:00:00,A,FC_TRA_E,R5220B,KTOE,EU27_2020,2015,10135.778,
ESTAT:TEN00126(1.0),19/01/22 11:00:00,A,FC_TRA_E,R5220B,KTOE,EU27_2020,2016,9934.792,
ESTAT:TEN00126(1.0),19/01/22 11:00:00,A,FC_TRA_E,R5220B,KTOE,EU27_2020,2017,10762.686,
ESTAT:TEN00126(1.0),19/01/22 11:00:00,A,FC_TRA_E,R5220B,KTOE,EU27_2020,2018,12029.663,
ESTAT:TEN00126(1.0),19/01/22 11:00:00,A,FC_TRA_E,R5220B,KTOE,EU27_2020,2019,12500.402,
ESTAT:TEN00126(1.0),19/01/22 11:00:00,A,FC_TRA_E,R5220B,KTOE,EU27_2020,2020,12736.450,
ESTAT:TEN00126(1.0),19/01/22 11:00:00,A,FC_TRA_E,R5220B,KTOE,FI,2009,58.713,
ESTAT:TEN00126(1.0),19/01/22 11:00:00,A,FC_TRA_E,R5220B,KTOE,FI,2010,62.590,
ESTAT:TEN00126(1.0),19/01/22 11:00:00,A,FC_TRA_E,R5220B,KTOE,FI,2011,109.256,
ESTAT:TEN00126(1.0),19/01/22 11:00:00,A,FC_TRA_E,R5220B,KTOE,FI,2012,102.871,
ESTAT:TEN00126(1.0),19/01/22 11:00:00,A,FC_TRA_E,R5220B,KTOE,FI,2013,155.966,
ESTAT:TEN00126(1.0),19/01/22 11:00:00,A,FC_TRA_E,R5220B,KTOE,FI,2014,426.232,
ESTAT:TEN00126(1.0),19/01/22 11:00:00,A,FC_TRA_E,R5220B,KTOE,FI,2015,430.278,
ESTAT:TEN00126(1.0),19/01/22 11:00:00,A,FC_TRA_E,R5220B,KTOE,FI,2016,108.860,
ESTAT:TEN00126(1.0),19/01/22 11:00:00,A,FC_TRA_E,R5220B,KTOE,FI,2017,310.118,
ESTAT:TEN00126(1.0),19/01/22 11:00:00,A,FC_TRA_E,R5220B,KTOE,FI,2018,281.465,
ESTAT:TEN00126(1.0),19/01/22 11:00:00,A,FC_TRA_E,R5220B,KTOE,FI,2019,338.518,
ESTAT:TEN00126(1.0),19/01/22 11:00:00,A,FC_TRA_E,R5220B,KTOE,FI,2020,301.490,
ESTAT:TEN00126(1.0),19/01/22 11:00:00,A,FC_TRA_E,R5220B,KTOE,FR,2009,2059.974,
ESTAT:TEN00126(1.0),19/01/22 11:00:00,A,FC_TRA_E,R5220B,KTOE,FR,2010,2021.018,
ESTAT:TEN00126(1.0),19/01/22 11:00:00,A,FC_TRA_E,R5220B,KTOE,FR,2011,2047.912,
ESTAT:TEN00126(1.0),19/01/22 11:00:00,A,FC_TRA_E,R5220B,KTOE,FR,2012,2274.944,
ESTAT:TEN00126(1.0),19/01/22 11:00:00,A,FC_TRA_E,R5220B,KTOE,FR,2013,2311.328,
ESTAT:TEN00126(1.0),19/01/22 11:00:00,A,FC_TRA_E,R5220B,KTOE,FR,2014,2529.766,
ESTAT:TEN00126(1.0),19/01/22 11:00:00,A,FC_TRA_E,R5220B,KTOE,FR,2015,2565.168,
ESTAT:TEN00126(1.0),19/01/22 11:00:00,A,FC_TRA_E,R5220B,KTOE,FR,2016,2514.809,
ESTAT:TEN00126(1.0),19/01/22 11:00:00,A,FC_TRA_E,R5220B,KTOE,FR,2017,2594.061,
ESTAT:TEN00126(1.0),19/01/22 11:00:00,A,FC_TRA_E,R5220B,KTOE,FR,2018,2547.059,
ESTAT:TEN00126(1.0),19/01/22 11:00:00,A,FC_TRA_E,R5220B,KTOE,FR,2019,2537.090,
ESTAT:TEN00126(1.0),19/01/22 11:00:00,A,FC_TRA_E,R5220B,KTOE,FR,2020,2081.404,
ESTAT:TEN00126(1.0),19/01/22 11:00:00,A,FC_TRA_E,R5220B,KTOE,GE,2013,0.000,
ESTAT:TEN00126(1.0),19/01/22 11:00:00,A,FC_TRA_E,R5220B,KTOE,GE,2014,0.000,
ESTAT:TEN00126(1.0),19/01/22 11:00:00,A,FC_TRA_E,R5220B,KTOE,GE,2015,0.000,
ESTAT:TEN00126(1.0),19/01/22 11:00:00,A,FC_TRA_E,R5220B,KTOE,GE,2016,0.000,
ESTAT:TEN00126(1.0),19/01/22 11:00:00,A,FC_TRA_E,R5220B,KTOE,GE,2017,0.000,
ESTAT:TEN00126(1.0),19/01/22 11:00:00,A,FC_TRA_E,R5220B,KTOE,GE,2018,0.000,
ESTAT:TEN00126(1.0),19/01/22 11:00:00,A,FC_TRA_E,R5220B,KTOE,GE,2019,0.000,
ESTAT:TEN00126(1.0),19/01/22 11:00:00,A,FC_TRA_E,R5220B,KTOE,GE,2020,0.000,
ESTAT:TEN00126(1.0),19/01/22 11:00:00,A,FC_TRA_E,R5220B,KTOE,HR,2009,5.288,
ESTAT:TEN00126(1.0),19/01/22 11:00:00,A,FC_TRA_E,R5220B,KTOE,HR,2010,2.644,
ESTAT:TEN00126(1.0),19/01/22 11:00:00,A,FC_TRA_E,R5220B,KTOE,HR,2011,2.666,
ESTAT:TEN00126(1.0),19/01/22 11:00:00,A,FC_TRA_E,R5220B,KTOE,HR,2012,27.556,
ESTAT:TEN00126(1.0),19/01/22 11:00:00,A,FC_TRA_E,R5220B,KTOE,HR,2013,22.392,
ESTAT:TEN00126(1.0),19/01/22 11:00:00,A,FC_TRA_E,R5220B,KTOE,HR,2014,13.450,
ESTAT:TEN00126(1.0),19/01/22 11:00:00,A,FC_TRA_E,R5220B,KTOE,HR,2015,16.896,
ESTAT:TEN00126(1.0),19/01/22 11:00:00,A,FC_TRA_E,R5220B,KTOE,HR,2016,0.000,
ESTAT:TEN00126(1.0),19/01/22 11:00:00,A,FC_TRA_E,R5220B,KTOE,HR,2017,0.000,
ESTAT:TEN00126(1.0),19/01/22 11:00:00,A,FC_TRA_E,R5220B,KTOE,HR,2018,26.231,
ESTAT:TEN00126(1.0),19/01/22 11:00:00,A,FC_TRA_E,R5220B,KTOE,HR,2019,61.392,
ESTAT:TEN00126(1.0),19/01/22 11:00:00,A,FC_TRA_E,R5220B,KTOE,HR,2020,64.646,
ESTAT:TEN00126(1.0),19/01/22 11:00:00,A,FC_TRA_E,R5220B,KTOE,HU,2009,122.707,
ESTAT:TEN00126(1.0),19/01/22 11:00:00,A,FC_TRA_E,R5220B,KTOE,HU,2010,118.229,
ESTAT:TEN00126(1.0),19/01/22 11:00:00,A,FC_TRA_E,R5220B,KTOE,HU,2011,104.794,
ESTAT:TEN00126(1.0),19/01/22 11:00:00,A,FC_TRA_E,R5220B,KTOE,HU,2012,103.002,
ESTAT:TEN00126(1.0),19/01/22 11:00:00,A,FC_TRA_E,R5220B,KTOE,HU,2013,105.689,
ESTAT:TEN00126(1.0),19/01/22 11:00:00,A,FC_TRA_E,R5220B,KTOE,HU,2014,128.081,
ESTAT:TEN00126(1.0),19/01/22 11:00:00,A,FC_TRA_E,R5220B,KTOE,HU,2015,132.559,
ESTAT:TEN00126(1.0),19/01/22 11:00:00,A,FC_TRA_E,R5220B,KTOE,HU,2016,143.308,
ESTAT:TEN00126(1.0),19/01/22 11:00:00,A,FC_TRA_E,R5220B,KTOE,HU,2017,119.124,
ESTAT:TEN00126(1.0),19/01/22 11:00:00,A,FC_TRA_E,R5220B,KTOE,HU,2018,142.412,
ESTAT:TEN00126(1.0),19/01/22 11:00:00,A,FC_TRA_E,R5220B,KTOE,HU,2019,156.743,
ESTAT:TEN00126(1.0),19/01/22 11:00:00,A,FC_TRA_E,R5220B,KTOE,HU,2020,195.257,
ESTAT:TEN00126(1.0),19/01/22 11:00:00,A,FC_TRA_E,R5220B,KTOE,IE,2009,53.317,
ESTAT:TEN00126(1.0),19/01/22 11:00:00,A,FC_TRA_E,R5220B,KTOE,IE,2010,60.147,
ESTAT:TEN00126(1.0),19/01/22 11:00:00,A,FC_TRA_E,R5220B,KTOE,IE,2011,68.226,
ESTAT:TEN00126(1.0),19/01/22 11:00:00,A,FC_TRA_E,R5220B,KTOE,IE,2012,56.219,
ESTAT:TEN00126(1.0),19/01/22 11:00:00,A,FC_TRA_E,R5220B,KTOE,IE,2013,73.682,
ESTAT:TEN00126(1.0),19/01/22 11:00:00,A,FC_TRA_E,R5220B,KTOE,IE,2014,89.613,
ESTAT:TEN00126(1.0),19/01/22 11:00:00,A,FC_TRA_E,R5220B,KTOE,IE,2015,98.327,
ESTAT:TEN00126(1.0),19/01/22 11:00:00,A,FC_TRA_E,R5220B,KTOE,IE,2016,85.770,
ESTAT:TEN00126(1.0),19/01/22 11:00:00,A,FC_TRA_E,R5220B,KTOE,IE,2017,131.104,
ESTAT:TEN00126(1.0),19/01/22 11:00:00,A,FC_TRA_E,R5220B,KTOE,IE,2018,127.033,
ESTAT:TEN00126(1.0),19/01/22 11:00:00,A,FC_TRA_E,R5220B,KTOE,IE,2019,161.980,
ESTAT:TEN00126(1.0),19/01/22 11:00:00,A,FC_TRA_E,R5220B,KTOE,IE,2020,155.137,
ESTAT:TEN00126(1.0),19/01/22 11:00:00,A,FC_TRA_E,R5220B,KTOE,IS,2009,0.000,
ESTAT:TEN00126(1.0),19/01/22 11:00:00,A,FC_TRA_E,R5220B,KTOE,IS,2010,0.000,
ESTAT:TEN00126(1.0),19/01/22 11:00:00,A,FC_TRA_E,R5220B,KTOE,IS,2011,0.000,
ESTAT:TEN00126(1.0),19/01/22 11:00:00,A,FC_TRA_E,R5220B,KTOE,IS,2012,0.000,
ESTAT:TEN00126(1.0),19/01/22 11:00:00,A,FC_TRA_E,R5220B,KTOE,IS,2013,2.045,
ESTAT:TEN00126(1.0),19/01/22 11:00:00,A,FC_TRA_E,R5220B,KTOE,IS,2014,2.045,
ESTAT:TEN00126(1.0),19/01/22 11:00:00,A,FC_TRA_E,R5220B,KTOE,IS,2015,12.267,
ESTAT:TEN00126(1.0),19/01/22 11:00:00,A,FC_TRA_E,R5220B,KTOE,IS,2016,11.838,
ESTAT:TEN00126(1.0),19/01/22 11:00:00,A,FC_TRA_E,R5220B,KTOE,IS,2017,13.620,
ESTAT:TEN00126(1.0),19/01/22 11:00:00,A,FC_TRA_E,R5220B,KTOE,IS,2018,15.965,
ESTAT:TEN00126(1.0),19/01/22 11:00:00,A,FC_TRA_E,R5220B,KTOE,IS,2019,15.464,
ESTAT:TEN00126(1.0),19/01/22 11:00:00,A,FC_TRA_E,R5220B,KTOE,IS,2020,13.486,
ESTAT:TEN00126(1.0),19/01/22 11:00:00,A,FC_TRA_E,R5220B,KTOE,IT,2009,1051.638,
ESTAT:TEN00126(1.0),19/01/22 11:00:00,A,FC_TRA_E,R5220B,KTOE,IT,2010,1297.315,
ESTAT:TEN00126(1.0),19/01/22 11:00:00,A,FC_TRA_E,R5220B,KTOE,IT,2011,1286.711,
ESTAT:TEN00126(1.0),19/01/22 11:00:00,A,FC_TRA_E,R5220B,KTOE,IT,2012,1262.850,
ESTAT:TEN00126(1.0),19/01/22 11:00:00,A,FC_TRA_E,R5220B,KTOE,IT,2013,1178.012,
ESTAT:TEN00126(1.0),19/01/22 11:00:00,A,FC_TRA_E,R5220B,KTOE,IT,2014,1055.173,
ESTAT:TEN00126(1.0),19/01/22 11:00:00,A,FC_TRA_E,R5220B,KTOE,IT,2015,1141.779,
ESTAT:TEN00126(1.0),19/01/22 11:00:00,A,FC_TRA_E,R5220B,KTOE,IT,2016,1008.336,
ESTAT:TEN00126(1.0),19/01/22 11:00:00,A,FC_TRA_E,R5220B,KTOE,IT,2017,1028.682,
ESTAT:TEN00126(1.0),19/01/22 11:00:00,A,FC_TRA_E,R5220B,KTOE,IT,2018,1217.077,
ESTAT:TEN00126(1.0),19/01/22 11:00:00,A,FC_TRA_E,R5220B,KTOE,IT,2019,1245.660,
ESTAT:TEN00126(1.0),19/01/22 11:00:00,A,FC_TRA_E,R5220B,KTOE,IT,2020,1245.077,
ESTAT:TEN00126(1.0),19/01/22 11:00:00,A,FC_TRA_E,R5220B,KTOE,LT,2009,38.000,
ESTAT:TEN00126(1.0),19/01/22 11:00:00,A,FC_TRA_E,R5220B,KTOE,LT,2010,34.465,
ESTAT:TEN00126(1.0),19/01/22 11:00:00,A,FC_TRA_E,R5220B,KTOE,LT,2011,35.349,
ESTAT:TEN00126(1.0),19/01/22 11:00:00,A,FC_TRA_E,R5220B,KTOE,LT,2012,52.140,
ESTAT:TEN00126(1.0),19/01/22 11:00:00,A,FC_TRA_E,R5220B,KTOE,LT,2013,51.256,
ESTAT:TEN00126(1.0),19/01/22 11:00:00,A,FC_TRA_E,R5220B,KTOE,LT,2014,57.442,
ESTAT:TEN00126(1.0),19/01/22 11:00:00,A,FC_TRA_E,R5220B,KTOE,LT,2015,58.326,
ESTAT:TEN00126(1.0),19/01/22 11:00:00,A,FC_TRA_E,R5220B,KTOE,LT,2016,50.373,
ESTAT:TEN00126(1.0),19/01/22 11:00:00,A,FC_TRA_E,R5220B,KTOE,LT,2017,63.452,
ESTAT:TEN00126(1.0),19/01/22 11:00:00,A,FC_TRA_E,R5220B,KTOE,LT,2018,69.815,
ESTAT:TEN00126(1.0),19/01/22 11:00:00,A,FC_TRA_E,R5220B,KTOE,LT,2019,65.396,
ESTAT:TEN00126(1.0),19/01/22 11:00:00,A,FC_TRA_E,R5220B,KTOE,LT,2020,87.136,
ESTAT:TEN00126(1.0),19/01/22 11:00:00,A,FC_TRA_E,R5220B,KTOE,LU,2009,41.138,
ESTAT:TEN00126(1.0),19/01/22 11:00:00,A,FC_TRA_E,R5220B,KTOE,LU,2010,41.269,
ESTAT:TEN00126(1.0),19/01/22 11:00:00,A,FC_TRA_E,R5220B,KTOE,LU,2011,40.289,
ESTAT:TEN00126(1.0),19/01/22 11:00:00,A,FC_TRA_E,R5220B,KTOE,LU,2012,46.978,
ESTAT:TEN00126(1.0),19/01/22 11:00:00,A,FC_TRA_E,R5220B,KTOE,LU,2013,54.335,
ESTAT:TEN00126(1.0),19/01/22 11:00:00,A,FC_TRA_E,R5220B,KTOE,LU,2014,67.455,
ESTAT:TEN00126(1.0),19/01/22 11:00:00,A,FC_TRA_E,R5220B,KTOE,LU,2015,76.096,
ESTAT:TEN00126(1.0),19/01/22 11:00:00,A,FC_TRA_E,R5220B,KTOE,LU,2016,80.509,
ESTAT:TEN00126(1.0),19/01/22 11:00:00,A,FC_TRA_E,R5220B,KTOE,LU,2017,106.633,
ESTAT:TEN00126(1.0),19/01/22 11:00:00,A,FC_TRA_E,R5220B,KTOE,LU,2018,112.828,
ESTAT:TEN00126(1.0),19/01/22 11:00:00,A,FC_TRA_E,R5220B,KTOE,LU,2019,112.522,
ESTAT:TEN00126(1.0),19/01/22 11:00:00,A,FC_TRA_E,R5220B,KTOE,LU,2020,128.648,
ESTAT:TEN00126(1.0),19/01/22 11:00:00,A,FC_TRA_E,R5220B,KTOE,LV,2009,1.777,
ESTAT:TEN00126(1.0),19/01/22 11:00:00,A,FC_TRA_E,R5220B,KTOE,LV,2010,18.659,
ESTAT:TEN00126(1.0),19/01/22 11:00:00,A,FC_TRA_E,R5220B,KTOE,LV,2011,16.882,
ESTAT:TEN00126(1.0),19/01/22 11:00:00,A,FC_TRA_E,R5220B,KTOE,LV,2012,13.328,
ESTAT:TEN00126(1.0),19/01/22 11:00:00,A,FC_TRA_E,R5220B,KTOE,LV,2013,12.439,
ESTAT:TEN00126(1.0),19/01/22 11:00:00,A,FC_TRA_E,R5220B,KTOE,LV,2014,15.993,
ESTAT:TEN00126(1.0),19/01/22 11:00:00,A,FC_TRA_E,R5220B,KTOE,LV,2015,15.105,
ESTAT:TEN00126(1.0),19/01/22 11:00:00,A,FC_TRA_E,R5220B,KTOE,LV,2016,2.666,
ESTAT:TEN00126(1.0),19/01/22 11:00:00,A,FC_TRA_E,R5220B,KTOE,LV,2017,1.364,
ESTAT:TEN00126(1.0),19/01/22 11:00:00,A,FC_TRA_E,R5220B,KTOE,LV,2018,29.373,
ESTAT:TEN00126(1.0),19/01/22 11:00:00,A,FC_TRA_E,R5220B,KTOE,LV,2019,27.620,
ESTAT:TEN00126(1.0),19/01/22 11:00:00,A,FC_TRA_E,R5220B,KTOE,LV,2020,32.359,
ESTAT:TEN00126(1.0),19/01/22 11:00:00,A,FC_TRA_E,R5220B,KTOE,MD,2010,0.000,
ESTAT:TEN00126(1.0),19/01/22 11:00:00,A,FC_TRA_E,R5220B,KTOE,MD,2011,0.000,
ESTAT:TEN00126(1.0),19/01/22 11:00:00,A,FC_TRA_E,R5220B,KTOE,MD,2012,0.000,
ESTAT:TEN00126(1.0),19/01/22 11:00:00,A,FC_TRA_E,R5220B,KTOE,MD,2013,0.000,
ESTAT:TEN00126(1.0),19/01/22 11:00:00,A,FC_TRA_E,R5220B,KTOE,MD,2014,0.000,
ESTAT:TEN00126(1.0),19/01/22 11:00:00,A,FC_TRA_E,R5220B,KTOE,MD,2015,0.000,
ESTAT:TEN00126(1.0),19/01/22 11:00:00,A,FC_TRA_E,R5220B,KTOE,MD,2016,0.000,
ESTAT:TEN00126(1.0),19/01/22 11:00:00,A,FC_TRA_E,R5220B,KTOE,MD,2017,0.000,
ESTAT:TEN00126(1.0),19/01/22 11:00:00,A,FC_TRA_E,R5220B,KTOE,MD,2018,0.000,
ESTAT:TEN00126(1.0),19/01/22 11:00:00,A,FC_TRA_E,R5220B,KTOE,MD,2019,0.000,
ESTAT:TEN00126(1.0),19/01/22 11:00:00,A,FC_TRA_E,R5220B,KTOE,MD,2020,0.000,
ESTAT:TEN00126(1.0),19/01/22 11:00:00,A,FC_TRA_E,R5220B,KTOE,ME,2009,0.000,
ESTAT:TEN00126(1.0),19/01/22 11:00:00,A,FC_TRA_E,R5220B,KTOE,ME,2010,0.000,
ESTAT:TEN00126(1.0),19/01/22 11:00:00,A,FC_TRA_E,R5220B,KTOE,ME,2011,0.000,
ESTAT:TEN00126(1.0),19/01/22 11:00:00,A,FC_TRA_E,R5220B,KTOE,ME,2012,0.000,
ESTAT:TEN00126(1.0),19/01/22 11:00:00,A,FC_TRA_E,R5220B,KTOE,ME,2013,0.000,
ESTAT:TEN00126(1.0),19/01/22 11:00:00,A,FC_TRA_E,R5220B,KTOE,ME,2014,0.000,
ESTAT:TEN00126(1.0),19/01/22 11:00:00,A,FC_TRA_E,R5220B,KTOE,ME,2015,0.000,
ESTAT:TEN00126(1.0),19/01/22 11:00:00,A,FC_TRA_E,R5220B,KTOE,ME,2016,0.000,
ESTAT:TEN00126(1.0),19/01/22 11:00:00,A,FC_TRA_E,R5220B,KTOE,ME,2017,0.000,
ESTAT:TEN00126(1.0),19/01/22 11:00:00,A,FC_TRA_E,R5220B,KTOE,ME,2018,0.000,
ESTAT:TEN00126(1.0),19/01/22 11:00:00,A,FC_TRA_E,R5220B,KTOE,ME,2019,0.000,
ESTAT:TEN00126(1.0),19/01/22 11:00:00,A,FC_TRA_E,R5220B,KTOE,ME,2020,0.000,
ESTAT:TEN00126(1.0),19/01/22 11:00:00,A,FC_TRA_E,R5220B,KTOE,MK,2009,1.889,
ESTAT:TEN00126(1.0),19/01/22 11:00:00,A,FC_TRA_E,R5220B,KTOE,MK,2010,0.437,
ESTAT:TEN00126(1.0),19/01/22 11:00:00,A,FC_TRA_E,R5220B,KTOE,MK,2011,0.288,
ESTAT:TEN00126(1.0),19/01/22 11:00:00,A,FC_TRA_E,R5220B,KTOE,MK,2012,0.226,
ESTAT:TEN00126(1.0),19/01/22 11:00:00,A,FC_TRA_E,R5220B,KTOE,MK,2013,0.902,
ESTAT:TEN00126(1.0),19/01/22 11:00:00,A,FC_TRA_E,R5220B,KTOE,MK,2014,0.311,
ESTAT:TEN00126(1.0),19/01/22 11:00:00,A,FC_TRA_E,R5220B,KTOE,MK,2015,0.317,
ESTAT:TEN00126(1.0),19/01/22 11:00:00,A,FC_TRA_E,R5220B,KTOE,MK,2016,0.072,
ESTAT:TEN00126(1.0),19/01/22 11:00:00,A,FC_TRA_E,R5220B,KTOE,MK,2017,0.125,
ESTAT:TEN00126(1.0),19/01/22 11:00:00,A,FC_TRA_E,R5220B,KTOE,MK,2018,0.087,
ESTAT:TEN00126(1.0),19/01/22 11:00:00,A,FC_TRA_E,R5220B,KTOE,MK,2019,0.091,
ESTAT:TEN00126(1.0),19/01/22 11:00:00,A,FC_TRA_E,R5220B,KTOE,MK,2020,0.060,
ESTAT:TEN00126(1.0),19/01/22 11:00:00,A,FC_TRA_E,R5220B,KTOE,MT,2009,0.000,
ESTAT:TEN00126(1.0),19/01/22 11:00:00,A,FC_TRA_E,R5220B,KTOE,MT,2010,0.000,
ESTAT:TEN00126(1.0),19/01/22 11:00:00,A,FC_TRA_E,R5220B,KTOE,MT,2011,0.884,
ESTAT:TEN00126(1.0),19/01/22 11:00:00,A,FC_TRA_E,R5220B,KTOE,MT,2012,1.767,
ESTAT:TEN00126(1.0),19/01/22 11:00:00,A,FC_TRA_E,R5220B,KTOE,MT,2013,3.764,
ESTAT:TEN00126(1.0),19/01/22 11:00:00,A,FC_TRA_E,R5220B,KTOE,MT,2014,5.646,
ESTAT:TEN00126(1.0),19/01/22 11:00:00,A,FC_TRA_E,R5220B,KTOE,MT,2015,5.646,
ESTAT:TEN00126(1.0),19/01/22 11:00:00,A,FC_TRA_E,R5220B,KTOE,MT,2016,6.587,
ESTAT:TEN00126(1.0),19/01/22 11:00:00,A,FC_TRA_E,R5220B,KTOE,MT,2017,7.417,
ESTAT:TEN00126(1.0),19/01/22 11:00:00,A,FC_TRA_E,R5220B,KTOE,MT,2018,10.200,
ESTAT:TEN00126(1.0),19/01/22 11:00:00,A,FC_TRA_E,R5220B,KTOE,MT,2019,10.891,
ESTAT:TEN00126(1.0),19/01/22 11:00:00,A,FC_TRA_E,R5220B,KTOE,MT,2020,13.811,
ESTAT:TEN00126(1.0),19/01/22 11:00:00,A,FC_TRA_E,R5220B,KTOE,NL,2009,235.072,
ESTAT:TEN00126(1.0),19/01/22 11:00:00,A,FC_TRA_E,R5220B,KTOE,NL,2010,94.559,
ESTAT:TEN00126(1.0),19/01/22 11:00:00,A,FC_TRA_E,R5220B,KTOE,NL,2011,172.327,
ESTAT:TEN00126(1.0),19/01/22 11:00:00,A,FC_TRA_E,R5220B,KTOE,NL,2012,188.234,
ESTAT:TEN00126(1.0),19/01/22 11:00:00,A,FC_TRA_E,R5220B,KTOE,NL,2013,174.095,
ESTAT:TEN00126(1.0),19/01/22 11:00:00,A,FC_TRA_E,R5220B,KTOE,NL,2014,220.932,
ESTAT:TEN00126(1.0),19/01/22 11:00:00,A,FC_TRA_E,R5220B,KTOE,NL,2015,156.420,
ESTAT:TEN00126(1.0),19/01/22 11:00:00,A,FC_TRA_E,R5220B,KTOE,NL,2016,119.304,
ESTAT:TEN00126(1.0),19/01/22 11:00:00,A,FC_TRA_E,R5220B,KTOE,NL,2017,178.230,
ESTAT:TEN00126(1.0),19/01/22 11:00:00,A,FC_TRA_E,R5220B,KTOE,NL,2018,330.565,
ESTAT:TEN00126(1.0),19/01/22 11:00:00,A,FC_TRA_E,R5220B,KTOE,NL,2019,418.165,
ESTAT:TEN00126(1.0),19/01/22 11:00:00,A,FC_TRA_E,R5220B,KTOE,NL,2020,301.835,
ESTAT:TEN00126(1.0),19/01/22 11:00:00,A,FC_TRA_E,R5220B,KTOE,NO,2009,92.290,
ESTAT:TEN00126(1.0),19/01/22 11:00:00,A,FC_TRA_E,R5220B,KTOE,NO,2010,111.414,
ESTAT:TEN00126(1.0),19/01/22 11:00:00,A,FC_TRA_E,R5220B,KTOE,NO,2011,107.209,
ESTAT:TEN00126(1.0),19/01/22 11:00:00,A,FC_TRA_E,R5220B,KTOE,NO,2012,123.328,
ESTAT:TEN00126(1.0),19/01/22 11:00:00,A,FC_TRA_E,R5220B,KTOE,NO,2013,117.276,
ESTAT:TEN00126(1.0),19/01/22 11:00:00,A,FC_TRA_E,R5220B,KTOE,NO,2014,118.144,
ESTAT:TEN00126(1.0),19/01/22 11:00:00,A,FC_TRA_E,R5220B,KTOE,NO,2015,131.071,
ESTAT:TEN00126(1.0),19/01/22 11:00:00,A,FC_TRA_E,R5220B,KTOE,NO,2016,279.090,
ESTAT:TEN00126(1.0),19/01/22 11:00:00,A,FC_TRA_E,R5220B,KTOE,NO,2017,463.793,
ESTAT:TEN00126(1.0),19/01/22 11:00:00,A,FC_TRA_E,R5220B,KTOE,NO,2018,331.251,
ESTAT:TEN00126(1.0),19/01/22 11:00:00,A,FC_TRA_E,R5220B,KTOE,NO,2019,418.996,
ESTAT:TEN00126(1.0),19/01/22 11:00:00,A,FC_TRA_E,R5220B,KTOE,NO,2020,339.852,
ESTAT:TEN00126(1.0),19/01/22 11:00:00,A,FC_TRA_E,R5220B,KTOE,PL,2009,387.045,
ESTAT:TEN00126(1.0),19/01/22 11:00:00,A,FC_TRA_E,R5220B,KTOE,PL,2010,486.099,
ESTAT:TEN00126(1.0),19/01/22 11:00:00,A,FC_TRA_E,R5220B,KTOE,PL,2011,535.626,
ESTAT:TEN00126(1.0),19/01/22 11:00:00,A,FC_TRA_E,R5220B,KTOE,PL,2012,635.598,
ESTAT:TEN00126(1.0),19/01/22 11:00:00,A,FC_TRA_E,R5220B,KTOE,PL,2013,597.898,
ESTAT:TEN00126(1.0),19/01/22 11:00:00,A,FC_TRA_E,R5220B,KTOE,PL,2014,563.820,
ESTAT:TEN00126(1.0),19/01/22 11:00:00,A,FC_TRA_E,R5220B,KTOE,PL,2015,498.424,
ESTAT:TEN00126(1.0),19/01/22 11:00:00,A,FC_TRA_E,R5220B,KTOE,PL,2016,285.445,
ESTAT:TEN00126(1.0),19/01/22 11:00:00,A,FC_TRA_E,R5220B,KTOE,PL,2017,428.681,
ESTAT:TEN00126(1.0),19/01/22 11:00:00,A,FC_TRA_E,R5220B,KTOE,PL,2018,738.752,
ESTAT:TEN00126(1.0),19/01/22 11:00:00,A,FC_TRA_E,R5220B,KTOE,PL,2019,797.285,
ESTAT:TEN00126(1.0),19/01/22 11:00:00,A,FC_TRA_E,R5220B,KTOE,PL,2020,837.131,
ESTAT:TEN00126(1.0),19/01/22 11:00:00,A,FC_TRA_E,R5220B,KTOE,PT,2009,204.142,
ESTAT:TEN00126(1.0),19/01/22 11:00:00,A,FC_TRA_E,R5220B,KTOE,PT,2010,304.887,
ESTAT:TEN00126(1.0),19/01/22 11:00:00,A,FC_TRA_E,R5220B,KTOE,PT,2011,288.980,
ESTAT:TEN00126(1.0),19/01/22 11:00:00,A,FC_TRA_E,R5220B,KTOE,PT,2012,267.770,
ESTAT:TEN00126(1.0),19/01/22 11:00:00,A,FC_TRA_E,R5220B,KTOE,PT,2013,255.398,
ESTAT:TEN00126(1.0),19/01/22 11:00:00,A,FC_TRA_E,R5220B,KTOE,PT,2014,254.514,
ESTAT:TEN00126(1.0),19/01/22 11:00:00,A,FC_TRA_E,R5220B,KTOE,PT,2015,302.236,
ESTAT:TEN00126(1.0),19/01/22 11:00:00,A,FC_TRA_E,R5220B,KTOE,PT,2016,237.723,
ESTAT:TEN00126(1.0),19/01/22 11:00:00,A,FC_TRA_E,R5220B,KTOE,PT,2017,237.855,
ESTAT:TEN00126(1.0),19/01/22 11:00:00,A,FC_TRA_E,R5220B,KTOE,PT,2018,252.584,
ESTAT:TEN00126(1.0),19/01/22 11:00:00,A,FC_TRA_E,R5220B,KTOE,PT,2019,262.060,
ESTAT:TEN00126(1.0),19/01/22 11:00:00,A,FC_TRA_E,R5220B,KTOE,PT,2020,236.027,
ESTAT:TEN00126(1.0),19/01/22 11:00:00,A,FC_TRA_E,R5220B,KTOE,RO,2009,38.000,
ESTAT:TEN00126(1.0),19/01/22 11:00:00,A,FC_TRA_E,R5220B,KTOE,RO,2010,67.163,
ESTAT:TEN00126(1.0),19/01/22 11:00:00,A,FC_TRA_E,R5220B,KTOE,RO,2011,138.746,
ESTAT:TEN00126(1.0),19/01/22 11:00:00,A,FC_TRA_E,R5220B,KTOE,RO,2012,83.835,
ESTAT:TEN00126(1.0),19/01/22 11:00:00,A,FC_TRA_E,R5220B,KTOE,RO,2013,96.685,
ESTAT:TEN00126(1.0),19/01/22 11:00:00,A,FC_TRA_E,R5220B,KTOE,RO,2014,90.532,
ESTAT:TEN00126(1.0),19/01/22 11:00:00,A,FC_TRA_E,R5220B,KTOE,RO,2015,95.806,
ESTAT:TEN00126(1.0),19/01/22 11:00:00,A,FC_TRA_E,R5220B,KTOE,RO,2016,164.364,
ESTAT:TEN00126(1.0),19/01/22 11:00:00,A,FC_TRA_E,R5220B,KTOE,RO,2017,182.026,
ESTAT:TEN00126(1.0),19/01/22 11:00:00,A,FC_TRA_E,R5220B,KTOE,RO,2018,201.684,
ESTAT:TEN00126(1.0),19/01/22 11:00:00,A,FC_TRA_E,R5220B,KTOE,RO,2019,270.426,
ESTAT:TEN00126(1.0),19/01/22 11:00:00,A,FC_TRA_E,R5220B,KTOE,RO,2020,339.039,
ESTAT:TEN00126(1.0),19/01/22 11:00:00,A,FC_TRA_E,R5220B,KTOE,RS,2009,0.000,
ESTAT:TEN00126(1.0),19/01/22 11:00:00,A,FC_TRA_E,R5220B,KTOE,RS,2010,0.000,
ESTAT:TEN00126(1.0),19/01/22 11:00:00,A,FC_TRA_E,R5220B,KTOE,RS,2011,0.000,
ESTAT:TEN00126(1.0),19/01/22 11:00:00,A,FC_TRA_E,R5220B,KTOE,RS,2012,0.000,
ESTAT:TEN00126(1.0),19/01/22 11:00:00,A,FC_TRA_E,R5220B,KTOE,RS,2013,0.000,
ESTAT:TEN00126(1.0),19/01/22 11:00:00,A,FC_TRA_E,R5220B,KTOE,RS,2014,0.000,
ESTAT:TEN00126(1.0),19/01/22 11:00:00,A,FC_TRA_E,R5220B,KTOE,RS,2015,0.000,
ESTAT:TEN00126(1.0),19/01/22 11:00:00,A,FC_TRA_E,R5220B,KTOE,RS,2016,0.000,
ESTAT:TEN00126(1.0),19/01/22 11:00:00,A,FC_TRA_E,R5220B,KTOE,RS,2017,0.000,
ESTAT:TEN00126(1.0),19/01/22 11:00:00,A,FC_TRA_E,R5220B,KTOE,RS,2018,0.000,
ESTAT:TEN00126(1.0),19/01/22 11:00:00,A,FC_TRA_E,R5220B,KTOE,RS,2019,0.000,
ESTAT:TEN00126(1.0),19/01/22 11:00:00,A,FC_TRA_E,R5220B,KTOE,RS,2020,0.000,
ESTAT:TEN00126(1.0),19/01/22 11:00:00,A,FC_TRA_E,R5220B,KTOE,SE,2009,121.744,
ESTAT:TEN00126(1.0),19/01/22 11:00:00,A,FC_TRA_E,R5220B,KTOE,SE,2010,134.799,
ESTAT:TEN00126(1.0),19/01/22 11:00:00,A,FC_TRA_E,R5220B,KTOE,SE,2011,173.351,
ESTAT:TEN00126(1.0),19/01/22 11:00:00,A,FC_TRA_E,R5220B,KTOE,SE,2012,228.163,
ESTAT:TEN00126(1.0),19/01/22 11:00:00,A,FC_TRA_E,R5220B,KTOE,SE,2013,323.083,
ESTAT:TEN00126(1.0),19/01/22 11:00:00,A,FC_TRA_E,R5220B,KTOE,SE,2014,420.445,
ESTAT:TEN00126(1.0),19/01/22 11:00:00,A,FC_TRA_E,R5220B,KTOE,SE,2015,553.009,
ESTAT:TEN00126(1.0),19/01/22 11:00:00,A,FC_TRA_E,R5220B,KTOE,SE,2016,713.531,
ESTAT:TEN00126(1.0),19/01/22 11:00:00,A,FC_TRA_E,R5220B,KTOE,SE,2017,756.127,
ESTAT:TEN00126(1.0),19/01/22 11:00:00,A,FC_TRA_E,R5220B,KTOE,SE,2018,882.635,
ESTAT:TEN00126(1.0),19/01/22 11:00:00,A,FC_TRA_E,R5220B,KTOE,SE,2019,926.761,
ESTAT:TEN00126(1.0),19/01/22 11:00:00,A,FC_TRA_E,R5220B,KTOE,SE,2020,926.216,
ESTAT:TEN00126(1.0),19/01/22 11:00:00,A,FC_TRA_E,R5220B,KTOE,SI,2009,28.203,
ESTAT:TEN00126(1.0),19/01/22 11:00:00,A,FC_TRA_E,R5220B,KTOE,SI,2010,41.423,
ESTAT:TEN00126(1.0),19/01/22 11:00:00,A,FC_TRA_E,R5220B,KTOE,SI,2011,31.728,
ESTAT:TEN00126(1.0),19/01/22 11:00:00,A,FC_TRA_E,R5220B,KTOE,SI,2012,45.830,
ESTAT:TEN00126(1.0),19/01/22 11:00:00,A,FC_TRA_E,R5220B,KTOE,SI,2013,52.880,
ESTAT:TEN00126(1.0),19/01/22 11:00:00,A,FC_TRA_E,R5220B,KTOE,SI,2014,36.135,
ESTAT:TEN00126(1.0),19/01/22 11:00:00,A,FC_TRA_E,R5220B,KTOE,SI,2015,22.915,
ESTAT:TEN00126(1.0),19/01/22 11:00:00,A,FC_TRA_E,R5220B,KTOE,SI,2016,14.101,
ESTAT:TEN00126(1.0),19/01/22 11:00:00,A,FC_TRA_E,R5220B,KTOE,SI,2017,20.819,
ESTAT:TEN00126(1.0),19/01/22 11:00:00,A,FC_TRA_E,R5220B,KTOE,SI,2018,65.981,
ESTAT:TEN00126(1.0),19/01/22 11:00:00,A,FC_TRA_E,R5220B,KTOE,SI,2019,90.838,
ESTAT:TEN00126(1.0),19/01/22 11:00:00,A,FC_TRA_E,R5220B,KTOE,SI,2020,85.246,
ESTAT:TEN00126(1.0),19/01/22 11:00:00,A,FC_TRA_E,R5220B,KTOE,SK,2009,59.826,
ESTAT:TEN00126(1.0),19/01/22 11:00:00,A,FC_TRA_E,R5220B,KTOE,SK,2010,73.854,
ESTAT:TEN00126(1.0),19/01/22 11:00:00,A,FC_TRA_E,R5220B,KTOE,SK,2011,77.659,
ESTAT:TEN00126(1.0),19/01/22 11:00:00,A,FC_TRA_E,R5220B,KTOE,SK,2012,73.130,
ESTAT:TEN00126(1.0),19/01/22 11:00:00,A,FC_TRA_E,R5220B,KTOE,SK,2013,81.255,
ESTAT:TEN00126(1.0),19/01/22 11:00:00,A,FC_TRA_E,R5220B,KTOE,SK,2014,109.285,
ESTAT:TEN00126(1.0),19/01/22 11:00:00,A,FC_TRA_E,R5220B,KTOE,SK,2015,120.980,
ESTAT:TEN00126(1.0),19/01/22 11:00:00,A,FC_TRA_E,R5220B,KTOE,SK,2016,129.206,
ESTAT:TEN00126(1.0),19/01/22 11:00:00,A,FC_TRA_E,R5220B,KTOE,SK,2017,129.903,
ESTAT:TEN00126(1.0),19/01/22 11:00:00,A,FC_TRA_E,R5220B,KTOE,SK,2018,132.357,
ESTAT:TEN00126(1.0),19/01/22 11:00:00,A,FC_TRA_E,R5220B,KTOE,SK,2019,137.118,
ESTAT:TEN00126(1.0),19/01/22 11:00:00,A,FC_TRA_E,R5220B,KTOE,SK,2020,129.305,
ESTAT:TEN00126(1.0),19/01/22 11:00:00,A,FC_TRA_E,R5220B,KTOE,TR,2009,0.884,
ESTAT:TEN00126(1.0),19/01/22 11:00:00,A,FC_TRA_E,R5220B,KTOE,TR,2010,6.186,
ESTAT:TEN00126(1.0),19/01/22 11:00:00,A,FC_TRA_E,R5220B,KTOE,TR,2011,10.605,
ESTAT:TEN00126(1.0),19/01/22 11:00:00,A,FC_TRA_E,R5220B,KTOE,TR,2012,67.163,
ESTAT:TEN00126(1.0),19/01/22 11:00:00,A,FC_TRA_E,R5220B,KTOE,TR,2013,350.841,
ESTAT:TEN00126(1.0),19/01/22 11:00:00,A,FC_TRA_E,R5220B,KTOE,TR,2014,102.513,
ESTAT:TEN00126(1.0),19/01/22 11:00:00,A,FC_TRA_E,R5220B,KTOE,TR,2015,70.042,
ESTAT:TEN00126(1.0),19/01/22 11:00:00,A,FC_TRA_E,R5220B,KTOE,TR,2016,60.380,
ESTAT:TEN00126(1.0),19/01/22 11:00:00,A,FC_TRA_E,R5220B,KTOE,TR,2017,63.211,
ESTAT:TEN00126(1.0),19/01/22 11:00:00,A,FC_TRA_E,R5220B,KTOE,TR,2018,102.835,
ESTAT:TEN00126(1.0),19/01/22 11:00:00,A,FC_TRA_E,R5220B,KTOE,TR,2019,114.156,
ESTAT:TEN00126(1.0),19/01/22 11:00:00,A,FC_TRA_E,R5220B,KTOE,TR,2020,48.615,
ESTAT:TEN00126(1.0),19/01/22 11:00:00,A,FC_TRA_E,R5220B,KTOE,UA,2009,0.000,
ESTAT:TEN00126(1.0),19/01/22 11:00:00,A,FC_TRA_E,R5220B,KTOE,UA,2010,0.000,
ESTAT:TEN00126(1.0),19/01/22 11:00:00,A,FC_TRA_E,R5220B,KTOE,UA,2011,0.000,
ESTAT:TEN00126(1.0),19/01/22 11:00:00,A,FC_TRA_E,R5220B,KTOE,UA,2012,0.000,
ESTAT:TEN00126(1.0),19/01/22 11:00:00,A,FC_TRA_E,R5220B,KTOE,UA,2013,0.000,
ESTAT:TEN00126(1.0),19/01/22 11:00:00,A,FC_TRA_E,R5220B,KTOE,UA,2014,0.000,
ESTAT:TEN00126(1.0),19/01/22 11:00:00,A,FC_TRA_E,R5220B,KTOE,UA,2015,0.000,
ESTAT:TEN00126(1.0),19/01/22 11:00:00,A,FC_TRA_E,R5220B,KTOE,UA,2016,0.000,
ESTAT:TEN00126(1.0),19/01/22 11:00:00,A,FC_TRA_E,R5220B,KTOE,UA,2017,0.000,
ESTAT:TEN00126(1.0),19/01/22 11:00:00,A,FC_TRA_E,R5220B,KTOE,UA,2018,0.000,
ESTAT:TEN00126(1.0),19/01/22 11:00:00,A,FC_TRA_E,R5220B,KTOE,UA,2019,0.000,
ESTAT:TEN00126(1.0),19/01/22 11:00:00,A,FC_TRA_E,R5220B,KTOE,UA,2020,0.000,
ESTAT:TEN00126(1.0),19/01/22 11:00:00,A,FC_TRA_E,R5220B,KTOE,UK,2009,825.223,
ESTAT:TEN00126(1.0),19/01/22 11:00:00,A,FC_TRA_E,R5220B,KTOE,UK,2010,829.665,
ESTAT:TEN00126(1.0),19/01/22 11:00:00,A,FC_TRA_E,R5220B,KTOE,UK,2011,731.064,
ESTAT:TEN00126(1.0),19/01/22 11:00:00,A,FC_TRA_E,R5220B,KTOE,UK,2012,500.997,
ESTAT:TEN00126(1.0),19/01/22 11:00:00,A,FC_TRA_E,R5220B,KTOE,UK,2013,605.815,
ESTAT:TEN00126(1.0),19/01/22 11:00:00,A,FC_TRA_E,R5220B,KTOE,UK,2014,754.160,
ESTAT:TEN00126(1.0),19/01/22 11:00:00,A,FC_TRA_E,R5220B,KTOE,UK,2015,528.534,
ESTAT:TEN00126(1.0),19/01/22 11:00:00,A,FC_TRA_E,R5220B,KTOE,UK,2016,559.624,
ESTAT:TEN00126(1.0),19/01/22 11:00:00,A,FC_TRA_E,R5220B,KTOE,UK,2017,542.747,
ESTAT:TEN00126(1.0),19/01/22 11:00:00,A,FC_TRA_E,R5220B,KTOE,UK,2018,881.186,
ESTAT:TEN00126(1.0),19/01/22 11:00:00,A,FC_TRA_E,R5220B,KTOE,UK,2019,1266.705,
ESTAT:TEN00126(1.0),19/01/22 11:00:00,A,FC_TRA_E,R5220B,KTOE,XK,2009,0.000,
ESTAT:TEN00126(1.0),19/01/22 11:00:00,A,FC_TRA_E,R5220B,KTOE,XK,2010,0.000,
ESTAT:TEN00126(1.0),19/01/22 11:00:00,A,FC_TRA_E,R5220B,KTOE,XK,2011,0.000,
ESTAT:TEN00126(1.0),19/01/22 11:00:00,A,FC_TRA_E,R5220B,KTOE,XK,2012,0.000,
ESTAT:TEN00126(1.0),19/01/22 11:00:00,A,FC_TRA_E,R5220B,KTOE,XK,2013,0.000,
ESTAT:TEN00126(1.0),19/01/22 11:00:00,A,FC_TRA_E,R5220B,KTOE,XK,2014,0.000,
ESTAT:TEN00126(1.0),19/01/22 11:00:00,A,FC_TRA_E,R5220B,KTOE,XK,2015,0.000,
ESTAT:TEN00126(1.0),19/01/22 11:00:00,A,FC_TRA_E,R5220B,KTOE,XK,2016,0.000,
ESTAT:TEN00126(1.0),19/01/22 11:00:00,A,FC_TRA_E,R5220B,KTOE,XK,2017,0.000,
ESTAT:TEN00126(1.0),19/01/22 11:00:00,A,FC_TRA_E,R5220B,KTOE,XK,2018,0.000,
ESTAT:TEN00126(1.0),19/01/22 11:00:00,A,FC_TRA_E,R5220B,KTOE,XK,2019,0.000,
ESTAT:TEN00126(1.0),19/01/22 11:00:00,A,FC_TRA_E,R5220B,KTOE,XK,2020,0.000,
ESTAT:TEN00126(1.0),19/01/22 11:00:00,A,FC_TRA_E,R5220P,KTOE,AL,2009,0.000,
ESTAT:TEN00126(1.0),19/01/22 11:00:00,A,FC_TRA_E,R5220P,KTOE,AL,2010,0.000,
ESTAT:TEN00126(1.0),19/01/22 11:00:00,A,FC_TRA_E,R5220P,KTOE,AL,2011,0.000,
ESTAT:TEN00126(1.0),19/01/22 11:00:00,A,FC_TRA_E,R5220P,KTOE,AL,2012,0.000,
ESTAT:TEN00126(1.0),19/01/22 11:00:00,A,FC_TRA_E,R5220P,KTOE,AL,2013,0.000,
ESTAT:TEN00126(1.0),19/01/22 11:00:00,A,FC_TRA_E,R5220P,KTOE,AL,2014,0.000,
ESTAT:TEN00126(1.0),19/01/22 11:00:00,A,FC_TRA_E,R5220P,KTOE,AL,2015,0.000,
ESTAT:TEN00126(1.0),19/01/22 11:00:00,A,FC_TRA_E,R5220P,KTOE,AL,2016,0.000,
ESTAT:TEN00126(1.0),19/01/22 11:00:00,A,FC_TRA_E,R5220P,KTOE,AL,2017,0.000,
ESTAT:TEN00126(1.0),19/01/22 11:00:00,A,FC_TRA_E,R5220P,KTOE,AL,2018,0.000,
ESTAT:TEN00126(1.0),19/01/22 11:00:00,A,FC_TRA_E,R5220P,KTOE,AL,2019,0.000,
ESTAT:TEN00126(1.0),19/01/22 11:00:00,A,FC_TRA_E,R5220P,KTOE,AL,2020,102.371,
ESTAT:TEN00126(1.0),19/01/22 11:00:00,A,FC_TRA_E,R5220P,KTOE,AT,2009,114.368,
ESTAT:TEN00126(1.0),19/01/22 11:00:00,A,FC_TRA_E,R5220P,KTOE,AT,2010,78.150,
ESTAT:TEN00126(1.0),19/01/22 11:00:00,A,FC_TRA_E,R5220P,KTOE,AT,2011,87.668,
ESTAT:TEN00126(1.0),19/01/22 11:00:00,A,FC_TRA_E,R5220P,KTOE,AT,2012,64.149,
ESTAT:TEN00126(1.0),19/01/22 11:00:00,A,FC_TRA_E,R5220P,KTOE,AT,2013,70.824,
ESTAT:TEN00126(1.0),19/01/22 11:00:00,A,FC_TRA_E,R5220P,KTOE,AT,2014,172.452,
ESTAT:TEN00126(1.0),19/01/22 11:00:00,A,FC_TRA_E,R5220P,KTOE,AT,2015,218.350,
ESTAT:TEN00126(1.0),19/01/22 11:00:00,A,FC_TRA_E,R5220P,KTOE,AT,2016,104.192,
ESTAT:TEN00126(1.0),19/01/22 11:00:00,A,FC_TRA_E,R5220P,KTOE,AT,2017,41.226,
ESTAT:TEN00126(1.0),19/01/22 11:00:00,A,FC_TRA_E,R5220P,KTOE,AT,2018,70.690,
ESTAT:TEN00126(1.0),19/01/22 11:00:00,A,FC_TRA_E,R5220P,KTOE,AT,2019,64.340,
ESTAT:TEN00126(1.0),19/01/22 11:00:00,A,FC_TRA_E,R5220P,KTOE,AT,2020,24.862,
ESTAT:TEN00126(1.0),19/01/22 11:00:00,A,FC_TRA_E,R5220P,KTOE,BA,2014,0.000,
ESTAT:TEN00126(1.0),19/01/22 11:00:00,A,FC_TRA_E,R5220P,KTOE,BA,2015,0.000,
ESTAT:TEN00126(1.0),19/01/22 11:00:00,A,FC_TRA_E,R5220P,KTOE,BA,2016,0.000,
ESTAT:TEN00126(1.0),19/01/22 11:00:00,A,FC_TRA_E,R5220P,KTOE,BA,2017,0.000,
ESTAT:TEN00126(1.0),19/01/22 11:00:00,A,FC_TRA_E,R5220P,KTOE,BA,2018,0.000,
ESTAT:TEN00126(1.0),19/01/22 11:00:00,A,FC_TRA_E,R5220P,KTOE,BA,2019,0.000,
ESTAT:TEN00126(1.0),19/01/22 11:00:00,A,FC_TRA_E,R5220P,KTOE,BE,2009,0.000,
ESTAT:TEN00126(1.0),19/01/22 11:00:00,A,FC_TRA_E,R5220P,KTOE,BE,2010,0.000,
ESTAT:TEN00126(1.0),19/01/22 11:00:00,A,FC_TRA_E,R5220P,KTOE,BE,2011,0.000,
ESTAT:TEN00126(1.0),19/01/22 11:00:00,A,FC_TRA_E,R5220P,KTOE,BE,2012,0.000,
ESTAT:TEN00126(1.0),19/01/22 11:00:00,A,FC_TRA_E,R5220P,KTOE,BE,2013,0.000,
ESTAT:TEN00126(1.0),19/01/22 11:00:00,A,FC_TRA_E,R5220P,KTOE,BE,2014,0.000,
ESTAT:TEN00126(1.0),19/01/22 11:00:00,A,FC_TRA_E,R5220P,KTOE,BE,2015,0.000,
ESTAT:TEN00126(1.0),19/01/22 11:00:00,A,FC_TRA_E,R5220P,KTOE,BE,2016,0.000,
ESTAT:TEN00126(1.0),19/01/22 11:00:00,A,FC_TRA_E,R5220P,KTOE,BE,2017,0.000,
ESTAT:TEN00126(1.0),19/01/22 11:00:00,A,FC_TRA_E,R5220P,KTOE,BE,2018,0.000,
ESTAT:TEN00126(1.0),19/01/22 11:00:00,A,FC_TRA_E,R5220P,KTOE,BE,2019,0.000,
ESTAT:TEN00126(1.0),19/01/22 11:00:00,A,FC_TRA_E,R5220P,KTOE,BE,2020,0.000,
ESTAT:TEN00126(1.0),19/01/22 11:00:00,A,FC_TRA_E,R5220P,KTOE,BG,2009,0.000,
ESTAT:TEN00126(1.0),19/01/22 11:00:00,A,FC_TRA_E,R5220P,KTOE,BG,2010,0.000,
ESTAT:TEN00126(1.0),19/01/22 11:00:00,A,FC_TRA_E,R5220P,KTOE,BG,2011,0.000,
ESTAT:TEN00126(1.0),19/01/22 11:00:00,A,FC_TRA_E,R5220P,KTOE,BG,2012,0.000,
ESTAT:TEN00126(1.0),19/01/22 11:00:00,A,FC_TRA_E,R5220P,KTOE,BG,2013,0.000,
ESTAT:TEN00126(1.0),19/01/22 11:00:00,A,FC_TRA_E,R5220P,KTOE,BG,2014,0.000,
ESTAT:TEN00126(1.0),19/01/22 11:00:00,A,FC_TRA_E,R5220P,KTOE,BG,2015,0.000,
ESTAT:TEN00126(1.0),19/01/22 11:00:00,A,FC_TRA_E,R5220P,KTOE,BG,2016,0.000,
ESTAT:TEN00126(1.0),19/01/22 11:00:00,A,FC_TRA_E,R5220P,KTOE,BG,2017,0.000,
ESTAT:TEN00126(1.0),19/01/22 11:00:00,A,FC_TRA_E,R5220P,KTOE,BG,2018,0.000,
ESTAT:TEN00126(1.0),19/01/22 11:00:00,A,FC_TRA_E,R5220P,KTOE,BG,2019,0.000,
ESTAT:TEN00126(1.0),19/01/22 11:00:00,A,FC_TRA_E,R5220P,KTOE,BG,2020,0.000,
ESTAT:TEN00126(1.0),19/01/22 11:00:00,A,FC_TRA_E,R5220P,KTOE,CY,2009,0.000,
ESTAT:TEN00126(1.0),19/01/22 11:00:00,A,FC_TRA_E,R5220P,KTOE,CY,2010,0.000,
ESTAT:TEN00126(1.0),19/01/22 11:00:00,A,FC_TRA_E,R5220P,KTOE,CY,2011,0.000,
ESTAT:TEN00126(1.0),19/01/22 11:00:00,A,FC_TRA_E,R5220P,KTOE,CY,2012,0.000,
ESTAT:TEN00126(1.0),19/01/22 11:00:00,A,FC_TRA_E,R5220P,KTOE,CY,2013,0.000,
ESTAT:TEN00126(1.0),19/01/22 11:00:00,A,FC_TRA_E,R5220P,KTOE,CY,2014,0.000,
ESTAT:TEN00126(1.0),19/01/22 11:00:00,A,FC_TRA_E,R5220P,KTOE,CY,2015,0.000,
ESTAT:TEN00126(1.0),19/01/22 11:00:00,A,FC_TRA_E,R5220P,KTOE,CY,2016,0.000,
ESTAT:TEN00126(1.0),19/01/22 11:00:00,A,FC_TRA_E,R5220P,KTOE,CY,2017,0.000,
ESTAT:TEN00126(1.0),19/01/22 11:00:00,A,FC_TRA_E,R5220P,KTOE,CY,2018,0.000,
ESTAT:TEN00126(1.0),19/01/22 11:00:00,A,FC_TRA_E,R5220P,KTOE,CY,2019,0.000,
ESTAT:TEN00126(1.0),19/01/22 11:00:00,A,FC_TRA_E,R5220P,KTOE,CY,2020,0.000,
ESTAT:TEN00126(1.0),19/01/22 11:00:00,A,FC_TRA_E,R5220P,KTOE,CZ,2009,0.000,
ESTAT:TEN00126(1.0),19/01/22 11:00:00,A,FC_TRA_E,R5220P,KTOE,CZ,2010,0.000,
ESTAT:TEN00126(1.0),19/01/22 11:00:00,A,FC_TRA_E,R5220P,KTOE,CZ,2011,0.000,
ESTAT:TEN00126(1.0),19/01/22 11:00:00,A,FC_TRA_E,R5220P,KTOE,CZ,2012,0.000,
ESTAT:TEN00126(1.0),19/01/22 11:00:00,A,FC_TRA_E,R5220P,KTOE,CZ,2013,0.000,
ESTAT:TEN00126(1.0),19/01/22 11:00:00,A,FC_TRA_E,R5220P,KTOE,CZ,2014,0.000,
ESTAT:TEN00126(1.0),19/01/22 11:00:00,A,FC_TRA_E,R5220P,KTOE,CZ,2015,0.000,
ESTAT:TEN00126(1.0),19/01/22 11:00:00,A,FC_TRA_E,R5220P,KTOE,CZ,2016,0.000,
ESTAT:TEN00126(1.0),19/01/22 11:00:00,A,FC_TRA_E,R5220P,KTOE,CZ,2017,0.000,
ESTAT:TEN00126(1.0),19/01/22 11:00:00,A,FC_TRA_E,R5220P,KTOE,CZ,2018,0.000,
ESTAT:TEN00126(1.0),19/01/22 11:00:00,A,FC_TRA_E,R5220P,KTOE,CZ,2019,0.000,
ESTAT:TEN00126(1.0),19/01/22 11:00:00,A,FC_TRA_E,R5220P,KTOE,CZ,2020,0.000,
ESTAT:TEN00126(1.0),19/01/22 11:00:00,A,FC_TRA_E,R5220P,KTOE,DE,2009,184.531,
ESTAT:TEN00126(1.0),19/01/22 11:00:00,A,FC_TRA_E,R5220P,KTOE,DE,2010,245.746,
ESTAT:TEN00126(1.0),19/01/22 11:00:00,A,FC_TRA_E,R5220P,KTOE,DE,2011,81.250,
ESTAT:TEN00126(1.0),19/01/22 11:00:00,A,FC_TRA_E,R5220P,KTOE,DE,2012,122.139,
ESTAT:TEN00126(1.0),19/01/22 11:00:00,A,FC_TRA_E,R5220P,KTOE,DE,2013,24.744,
ESTAT:TEN00126(1.0),19/01/22 11:00:00,A,FC_TRA_E,R5220P,KTOE,DE,2014,1.815,
ESTAT:TEN00126(1.0),19/01/22 11:00:00,A,FC_TRA_E,R5220P,KTOE,DE,2015,1.793,
ESTAT:TEN00126(1.0),19/01/22 11:00:00,A,FC_TRA_E,R5220P,KTOE,DE,2016,0.896,
ESTAT:TEN00126(1.0),19/01/22 11:00:00,A,FC_TRA_E,R5220P,KTOE,DE,2017,5.314,
ESTAT:TEN00126(1.0),19/01/22 11:00:00,A,FC_TRA_E,R5220P,KTOE,DE,2018,3.541,
ESTAT:TEN00126(1.0),19/01/22 11:00:00,A,FC_TRA_E,R5220P,KTOE,DE,2019,1.773,
ESTAT:TEN00126(1.0),19/01/22 11:00:00,A,FC_TRA_E,R5220P,KTOE,DE,2020,4.554,
ESTAT:TEN00126(1.0),19/01/22 11:00:00,A,FC_TRA_E,R5220P,KTOE,DK,2009,0.000,
ESTAT:TEN00126(1.0),19/01/22 11:00:00,A,FC_TRA_E,R5220P,KTOE,DK,2010,0.000,
ESTAT:TEN00126(1.0),19/01/22 11:00:00,A,FC_TRA_E,R5220P,KTOE,DK,2011,0.000,
ESTAT:TEN00126(1.0),19/01/22 11:00:00,A,FC_TRA_E,R5220P,KTOE,DK,2012,0.000,
ESTAT:TEN00126(1.0),19/01/22 11:00:00,A,FC_TRA_E,R5220P,KTOE,DK,2013,0.000,
ESTAT:TEN00126(1.0),19/01/22 11:00:00,A,FC_TRA_E,R5220P,KTOE,DK,2014,0.000,
ESTAT:TEN00126(1.0),19/01/22 11:00:00,A,FC_TRA_E,R5220P,KTOE,DK,2015,0.000,
ESTAT:TEN00126(1.0),19/01/22 11:00:00,A,FC_TRA_E,R5220P,KTOE,DK,2016,0.000,
ESTAT:TEN00126(1.0),19/01/22 11:00:00,A,FC_TRA_E,R5220P,KTOE,DK,2017,0.000,
ESTAT:TEN00126(1.0),19/01/22 11:00:00,A,FC_TRA_E,R5220P,KTOE,DK,2018,0.000,
ESTAT:TEN00126(1.0),19/01/22 11:00:00,A,FC_TRA_E,R5220P,KTOE,DK,2019,0.000,
ESTAT:TEN00126(1.0),19/01/22 11:00:00,A,FC_TRA_E,R5220P,KTOE,DK,2020,0.000,
ESTAT:TEN00126(1.0),19/01/22 11:00:00,A,FC_TRA_E,R5220P,KTOE,EA19,2009,300.231,
ESTAT:TEN00126(1.0),19/01/22 11:00:00,A,FC_TRA_E,R5220P,KTOE,EA19,2010,326.776,
ESTAT:TEN00126(1.0),19/01/22 11:00:00,A,FC_TRA_E,R5220P,KTOE,EA19,2011,169.680,
ESTAT:TEN00126(1.0),19/01/22 11:00:00,A,FC_TRA_E,R5220P,KTOE,EA19,2012,187.238,
ESTAT:TEN00126(1.0),19/01/22 11:00:00,A,FC_TRA_E,R5220P,KTOE,EA19,2013,96.860,
ESTAT:TEN00126(1.0),19/01/22 11:00:00,A,FC_TRA_E,R5220P,KTOE,EA19,2014,181.933,
ESTAT:TEN00126(1.0),19/01/22 11:00:00,A,FC_TRA_E,R5220P,KTOE,EA19,2015,224.239,
ESTAT:TEN00126(1.0),19/01/22 11:00:00,A,FC_TRA_E,R5220P,KTOE,EA19,2016,109.205,
ESTAT:TEN00126(1.0),19/01/22 11:00:00,A,FC_TRA_E,R5220P,KTOE,EA19,2017,63.134,
ESTAT:TEN00126(1.0),19/01/22 11:00:00,A,FC_TRA_E,R5220P,KTOE,EA19,2018,119.862,
ESTAT:TEN00126(1.0),19/01/22 11:00:00,A,FC_TRA_E,R5220P,KTOE,EA19,2019,96.805,
ESTAT:TEN00126(1.0),19/01/22 11:00:00,A,FC_TRA_E,R5220P,KTOE,EA19,2020,65.807,
ESTAT:TEN00126(1.0),19/01/22 11:00:00,A,FC_TRA_E,R5220P,KTOE,EE,2009,0.000,
ESTAT:TEN00126(1.0),19/01/22 11:00:00,A,FC_TRA_E,R5220P,KTOE,EE,2010,0.000,
ESTAT:TEN00126(1.0),19/01/22 11:00:00,A,FC_TRA_E,R5220P,KTOE,EE,2011,0.000,
ESTAT:TEN00126(1.0),19/01/22 11:00:00,A,FC_TRA_E,R5220P,KTOE,EE,2012,0.000,
ESTAT:TEN00126(1.0),19/01/22 11:00:00,A,FC_TRA_E,R5220P,KTOE,EE,2013,0.000,
ESTAT:TEN00126(1.0),19/01/22 11:00:00,A,FC_TRA_E,R5220P,KTOE,EE,2014,0.000,
ESTAT:TEN00126(1.0),19/01/22 11:00:00,A,FC_TRA_E,R5220P,KTOE,EE,2015,0.000,
ESTAT:TEN00126(1.0),19/01/22 11:00:00,A,FC_TRA_E,R5220P,KTOE,EE,2016,0.000,
ESTAT:TEN00126(1.0),19/01/22 11:00:00,A,FC_TRA_E,R5220P,KTOE,EE,2017,0.000,
ESTAT:TEN00126(1.0),19/01/22 11:00:00,A,FC_TRA_E,R5220P,KTOE,EE,2018,0.000,
ESTAT:TEN00126(1.0),19/01/22 11:00:00,A,FC_TRA_E,R5220P,KTOE,EE,2019,0.000,
ESTAT:TEN00126(1.0),19/01/22 11:00:00,A,FC_TRA_E,R5220P,KTOE,EE,2020,0.000,
ESTAT:TEN00126(1.0),19/01/22 11:00:00,A,FC_TRA_E,R5220P,KTOE,EL,2009,0.000,
ESTAT:TEN00126(1.0),19/01/22 11:00:00,A,FC_TRA_E,R5220P,KTOE,EL,2010,0.000,
ESTAT:TEN00126(1.0),19/01/22 11:00:00,A,FC_TRA_E,R5220P,KTOE,EL,2011,0.000,
ESTAT:TEN00126(1.0),19/01/22 11:00:00,A,FC_TRA_E,R5220P,KTOE,EL,2012,0.000,
ESTAT:TEN00126(1.0),19/01/22 11:00:00,A,FC_TRA_E,R5220P,KTOE,EL,2013,0.000,
ESTAT:TEN00126(1.0),19/01/22 11:00:00,A,FC_TRA_E,R5220P,KTOE,EL,2014,0.000,
ESTAT:TEN00126(1.0),19/01/22 11:00:00,A,FC_TRA_E,R5220P,KTOE,EL,2015,0.000,
ESTAT:TEN00126(1.0),19/01/22 11:00:00,A,FC_TRA_E,R5220P,KTOE,EL,2016,0.000,
ESTAT:TEN00126(1.0),19/01/22 11:00:00,A,FC_TRA_E,R5220P,KTOE,EL,2017,0.000,
ESTAT:TEN00126(1.0),19/01/22 11:00:00,A,FC_TRA_E,R5220P,KTOE,EL,2018,0.000,
ESTAT:TEN00126(1.0),19/01/22 11:00:00,A,FC_TRA_E,R5220P,KTOE,EL,2019,0.067,
ESTAT:TEN00126(1.0),19/01/22 11:00:00,A,FC_TRA_E,R5220P,KTOE,EL,2020,0.044,
ESTAT:TEN00126(1.0),19/01/22 11:00:00,A,FC_TRA_E,R5220P,KTOE,ES,2009,0.000,
ESTAT:TEN00126(1.0),19/01/22 11:00:00,A,FC_TRA_E,R5220P,KTOE,ES,2010,0.000,
ESTAT:TEN00126(1.0),19/01/22 11:00:00,A,FC_TRA_E,R5220P,KTOE,ES,2011,0.000,
ESTAT:TEN00126(1.0),19/01/22 11:00:00,A,FC_TRA_E,R5220P,KTOE,ES,2012,0.000,
ESTAT:TEN00126(1.0),19/01/22 11:00:00,A,FC_TRA_E,R5220P,KTOE,ES,2013,0.000,
ESTAT:TEN00126(1.0),19/01/22 11:00:00,A,FC_TRA_E,R5220P,KTOE,ES,2014,6.129,
ESTAT:TEN00126(1.0),19/01/22 11:00:00,A,FC_TRA_E,R5220P,KTOE,ES,2015,3.061,
ESTAT:TEN00126(1.0),19/01/22 11:00:00,A,FC_TRA_E,R5220P,KTOE,ES,2016,4.117,
ESTAT:TEN00126(1.0),19/01/22 11:00:00,A,FC_TRA_E,R5220P,KTOE,ES,2017,14.534,
ESTAT:TEN00126(1.0),19/01/22 11:00:00,A,FC_TRA_E,R5220P,KTOE,ES,2018,41.416,
ESTAT:TEN00126(1.0),19/01/22 11:00:00,A,FC_TRA_E,R5220P,KTOE,ES,2019,28.777,
ESTAT:TEN00126(1.0),19/01/22 11:00:00,A,FC_TRA_E,R5220P,KTOE,ES,2020,34.934,
ESTAT:TEN00126(1.0),19/01/22 11:00:00,A,FC_TRA_E,R5220P,KTOE,EU27_2020,2009,510.852,
ESTAT:TEN00126(1.0),19/01/22 11:00:00,A,FC_TRA_E,R5220P,KTOE,EU27_2020,2010,551.965,
ESTAT:TEN00126(1.0),19/01/22 11:00:00,A,FC_TRA_E,R5220P,KTOE,EU27_2020,2011,415.661,
ESTAT:TEN00126(1.0),19/01/22 11:00:00,A,FC_TRA_E,R5220P,KTOE,EU27_2020,2012,300.988,
ESTAT:TEN00126(1.0),19/01/22 11:00:00,A,FC_TRA_E,R5220P,KTOE,EU27_2020,2013,197.490,
ESTAT:TEN00126(1.0),19/01/22 11:00:00,A,FC_TRA_E,R5220P,KTOE,EU27_2020,2014,358.685,
ESTAT:TEN00126(1.0),19/01/22 11:00:00,A,FC_TRA_E,R5220P,KTOE,EU27_2020,2015,416.449,
ESTAT:TEN00126(1.0),19/01/22 11:00:00,A,FC_TRA_E,R5220P,KTOE,EU27_2020,2016,326.283,
ESTAT:TEN00126(1.0),19/01/22 11:00:00,A,FC_TRA_E,R5220P,KTOE,EU27_2020,2017,501.443,
ESTAT:TEN00126(1.0),19/01/22 11:00:00,A,FC_TRA_E,R5220P,KTOE,EU27_2020,2018,488.571,
ESTAT:TEN00126(1.0),19/01/22 11:00:00,A,FC_TRA_E,R5220P,KTOE,EU27_2020,2019,462.868,
ESTAT:TEN00126(1.0),19/01/22 11:00:00,A,FC_TRA_E,R5220P,KTOE,EU27_2020,2020,432.219,
ESTAT:TEN00126(1.0),19/01/22 11:00:00,A,FC_TRA_E,R5220P,KTOE,FI,2009,0.000,
ESTAT:TEN00126(1.0),19/01/22 11:00:00,A,FC_TRA_E,R5220P,KTOE,FI,2010,0.000,
ESTAT:TEN00126(1.0),19/01/22 11:00:00,A,FC_TRA_E,R5220P,KTOE,FI,2011,0.000,
ESTAT:TEN00126(1.0),19/01/22 11:00:00,A,FC_TRA_E,R5220P,KTOE,FI,2012,0.000,
ESTAT:TEN00126(1.0),19/01/22 11:00:00,A,FC_TRA_E,R5220P,KTOE,FI,2013,0.000,
ESTAT:TEN00126(1.0),19/01/22 11:00:00,A,FC_TRA_E,R5220P,KTOE,FI,2014,0.000,
ESTAT:TEN00126(1.0),19/01/22 11:00:00,A,FC_TRA_E,R5220P,KTOE,FI,2015,0.000,
ESTAT:TEN00126(1.0),19/01/22 11:00:00,A,FC_TRA_E,R5220P,KTOE,FI,2016,0.000,
ESTAT:TEN00126(1.0),19/01/22 11:00:00,A,FC_TRA_E,R5220P,KTOE,FI,2017,0.000,
ESTAT:TEN00126(1.0),19/01/22 11:00:00,A,FC_TRA_E,R5220P,KTOE,FI,2018,0.000,
ESTAT:TEN00126(1.0),19/01/22 11:00:00,A,FC_TRA_E,R5220P,KTOE,FI,2019,0.000,
ESTAT:TEN00126(1.0),19/01/22 11:00:00,A,FC_TRA_E,R5220P,KTOE,FI,2020,0.000,
ESTAT:TEN00126(1.0),19/01/22 11:00:00,A,FC_TRA_E,R5220P,KTOE,FR,2009,0.000,
ESTAT:TEN00126(1.0),19/01/22 11:00:00,A,FC_TRA_E,R5220P,KTOE,FR,2010,0.000,
ESTAT:TEN00126(1.0),19/01/22 11:00:00,A,FC_TRA_E,R5220P,KTOE,FR,2011,0.000,
ESTAT:TEN00126(1.0),19/01/22 11:00:00,A,FC_TRA_E,R5220P,KTOE,FR,2012,0.000,
ESTAT:TEN00126(1.0),19/01/22 11:00:00,A,FC_TRA_E,R5220P,KTOE,FR,2013,0.000,
ESTAT:TEN00126(1.0),19/01/22 11:00:00,A,FC_TRA_E,R5220P,KTOE,FR,2014,0.000,
ESTAT:TEN00126(1.0),19/01/22 11:00:00,A,FC_TRA_E,R5220P,KTOE,FR,2015,0.000,
ESTAT:TEN00126(1.0),19/01/22 11:00:00,A,FC_TRA_E,R5220P,KTOE,FR,2016,0.000,
ESTAT:TEN00126(1.0),19/01/22 11:00:00,A,FC_TRA_E,R5220P,KTOE,FR,2017,0.000,
ESTAT:TEN00126(1.0),19/01/22 11:00:00,A,FC_TRA_E,R5220P,KTOE,FR,2018,0.000,
ESTAT:TEN00126(1.0),19/01/22 11:00:00,A,FC_TRA_E,R5220P,KTOE,FR,2019,0.000,
ESTAT:TEN00126(1.0),19/01/22 11:00:00,A,FC_TRA_E,R5220P,KTOE,FR,2020,0.000,
ESTAT:TEN00126(1.0),19/01/22 11:00:00,A,FC_TRA_E,R5220P,KTOE,GE,2013,0.000,
ESTAT:TEN00126(1.0),19/01/22 11:00:00,A,FC_TRA_E,R5220P,KTOE,GE,2014,0.000,
ESTAT:TEN00126(1.0),19/01/22 11:00:00,A,FC_TRA_E,R5220P,KTOE,GE,2015,0.000,
ESTAT:TEN00126(1.0),19/01/22 11:00:00,A,FC_TRA_E,R5220P,KTOE,GE,2016,0.000,
ESTAT:TEN00126(1.0),19/01/22 11:00:00,A,FC_TRA_E,R5220P,KTOE,GE,2017,0.000,
ESTAT:TEN00126(1.0),19/01/22 11:00:00,A,FC_TRA_E,R5220P,KTOE,GE,2018,0.000,
ESTAT:TEN00126(1.0),19/01/22 11:00:00,A,FC_TRA_E,R5220P,KTOE,GE,2019,0.237,
ESTAT:TEN00126(1.0),19/01/22 11:00:00,A,FC_TRA_E,R5220P,KTOE,GE,2020,0.107,
ESTAT:TEN00126(1.0),19/01/22 11:00:00,A,FC_TRA_E,R5220P,KTOE,HR,2009,0.000,
ESTAT:TEN00126(1.0),19/01/22 11:00:00,A,FC_TRA_E,R5220P,KTOE,HR,2010,0.000,
ESTAT:TEN00126(1.0),19/01/22 11:00:00,A,FC_TRA_E,R5220P,KTOE,HR,2011,0.000,
ESTAT:TEN00126(1.0),19/01/22 11:00:00,A,FC_TRA_E,R5220P,KTOE,HR,2012,8.110,
ESTAT:TEN00126(1.0),19/01/22 11:00:00,A,FC_TRA_E,R5220P,KTOE,HR,2013,9.069,
ESTAT:TEN00126(1.0),19/01/22 11:00:00,A,FC_TRA_E,R5220P,KTOE,HR,2014,16.375,
ESTAT:TEN00126(1.0),19/01/22 11:00:00,A,FC_TRA_E,R5220P,KTOE,HR,2015,7.390,
ESTAT:TEN00126(1.0),19/01/22 11:00:00,A,FC_TRA_E,R5220P,KTOE,HR,2016,0.853,
ESTAT:TEN00126(1.0),19/01/22 11:00:00,A,FC_TRA_E,R5220P,KTOE,HR,2017,0.329,
ESTAT:TEN00126(1.0),19/01/22 11:00:00,A,FC_TRA_E,R5220P,KTOE,HR,2018,0.369,
ESTAT:TEN00126(1.0),19/01/22 11:00:00,A,FC_TRA_E,R5220P,KTOE,HR,2019,0.233,
ESTAT:TEN00126(1.0),19/01/22 11:00:00,A,FC_TRA_E,R5220P,KTOE,HR,2020,0.161,
ESTAT:TEN00126(1.0),19/01/22 11:00:00,A,FC_TRA_E,R5220P,KTOE,HU,2009,0.000,
ESTAT:TEN00126(1.0),19/01/22 11:00:00,A,FC_TRA_E,R5220P,KTOE,HU,2010,0.000,
ESTAT:TEN00126(1.0),19/01/22 11:00:00,A,FC_TRA_E,R5220P,KTOE,HU,2011,0.000,
ESTAT:TEN00126(1.0),19/01/22 11:00:00,A,FC_TRA_E,R5220P,KTOE,HU,2012,0.000,
ESTAT:TEN00126(1.0),19/01/22 11:00:00,A,FC_TRA_E,R5220P,KTOE,HU,2013,0.000,
ESTAT:TEN00126(1.0),19/01/22 11:00:00,A,FC_TRA_E,R5220P,KTOE,HU,2014,0.000,
ESTAT:TEN00126(1.0),19/01/22 11:00:00,A,FC_TRA_E,R5220P,KTOE,HU,2015,0.000,
ESTAT:TEN00126(1.0),19/01/22 11:00:00,A,FC_TRA_E,R5220P,KTOE,HU,2016,0.000,
ESTAT:TEN00126(1.0),19/01/22 11:00:00,A,FC_TRA_E,R5220P,KTOE,HU,2017,0.000,
ESTAT:TEN00126(1.0),19/01/22 11:00:00,A,FC_TRA_E,R5220P,KTOE,HU,2018,0.000,
ESTAT:TEN00126(1.0),19/01/22 11:00:00,A,FC_TRA_E,R5220P,KTOE,HU,2019,0.000,
ESTAT:TEN00126(1.0),19/01/22 11:00:00,A,FC_TRA_E,R5220P,KTOE,HU,2020,0.000,
ESTAT:TEN00126(1.0),19/01/22 11:00:00,A,FC_TRA_E,R5220P,KTOE,IE,2009,1.332,
ESTAT:TEN00126(1.0),19/01/22 11:00:00,A,FC_TRA_E,R5220P,KTOE,IE,2010,2.344,
ESTAT:TEN00126(1.0),19/01/22 11:00:00,A,FC_TRA_E,R5220P,KTOE,IE,2011,0.120,
ESTAT:TEN00126(1.0),19/01/22 11:00:00,A,FC_TRA_E,R5220P,KTOE,IE,2012,0.085,
ESTAT:TEN00126(1.0),19/01/22 11:00:00,A,FC_TRA_E,R5220P,KTOE,IE,2013,0.052,
ESTAT:TEN00126(1.0),19/01/22 11:00:00,A,FC_TRA_E,R5220P,KTOE,IE,2014,0.000,
ESTAT:TEN00126(1.0),19/01/22 11:00:00,A,FC_TRA_E,R5220P,KTOE,IE,2015,0.000,
ESTAT:TEN00126(1.0),19/01/22 11:00:00,A,FC_TRA_E,R5220P,KTOE,IE,2016,0.000,
ESTAT:TEN00126(1.0),19/01/22 11:00:00,A,FC_TRA_E,R5220P,KTOE,IE,2017,0.000,
ESTAT:TEN00126(1.0),19/01/22 11:00:00,A,FC_TRA_E,R5220P,KTOE,IE,2018,0.000,
ESTAT:TEN00126(1.0),19/01/22 11:00:00,A,FC_TRA_E,R5220P,KTOE,IE,2019,0.000,
ESTAT:TEN00126(1.0),19/01/22 11:00:00,A,FC_TRA_E,R5220P,KTOE,IE,2020,0.000,
ESTAT:TEN00126(1.0),19/01/22 11:00:00,A,FC_TRA_E,R5220P,KTOE,IS,2009,0.000,
ESTAT:TEN00126(1.0),19/01/22 11:00:00,A,FC_TRA_E,R5220P,KTOE,IS,2010,0.000,
ESTAT:TEN00126(1.0),19/01/22 11:00:00,A,FC_TRA_E,R5220P,KTOE,IS,2011,0.000,
ESTAT:TEN00126(1.0),19/01/22 11:00:00,A,FC_TRA_E,R5220P,KTOE,IS,2012,0.000,
ESTAT:TEN00126(1.0),19/01/22 11:00:00,A,FC_TRA_E,R5220P,KTOE,IS,2013,0.000,
ESTAT:TEN00126(1.0),19/01/22 11:00:00,A,FC_TRA_E,R5220P,KTOE,IS,2014,0.000,
ESTAT:TEN00126(1.0),19/01/22 11:00:00,A,FC_TRA_E,R5220P,KTOE,IS,2015,0.000,
ESTAT:TEN00126(1.0),19/01/22 11:00:00,A,FC_TRA_E,R5220P,KTOE,IS,2016,0.000,
ESTAT:TEN00126(1.0),19/01/22 11:00:00,A,FC_TRA_E,R5220P,KTOE,IS,2017,0.000,
ESTAT:TEN00126(1.0),19/01/22 11:00:00,A,FC_TRA_E,R5220P,KTOE,IS,2018,0.000,
ESTAT:TEN00126(1.0),19/01/22 11:00:00,A,FC_TRA_E,R5220P,KTOE,IS,2019,0.001,
ESTAT:TEN00126(1.0),19/01/22 11:00:00,A,FC_TRA_E,R5220P,KTOE,IS,2020,0.000,
ESTAT:TEN00126(1.0),19/01/22 11:00:00,A,FC_TRA_E,R5220P,KTOE,IT,2009,0.000,
ESTAT:TEN00126(1.0),19/01/22 11:00:00,A,FC_TRA_E,R5220P,KTOE,IT,2010,0.000,
ESTAT:TEN00126(1.0),19/01/22 11:00:00,A,FC_TRA_E,R5220P,KTOE,IT,2011,0.000,
ESTAT:TEN00126(1.0),19/01/22 11:00:00,A,FC_TRA_E,R5220P,KTOE,IT,2012,0.000,
ESTAT:TEN00126(1.0),19/01/22 11:00:00,A,FC_TRA_E,R5220P,KTOE,IT,2013,0.000,
ESTAT:TEN00126(1.0),19/01/22 11:00:00,A,FC_TRA_E,R5220P,KTOE,IT,2014,0.000,
ESTAT:TEN00126(1.0),19/01/22 11:00:00,A,FC_TRA_E,R5220P,KTOE,IT,2015,0.000,
ESTAT:TEN00126(1.0),19/01/22 11:00:00,A,FC_TRA_E,R5220P,KTOE,IT,2016,0.000,
ESTAT:TEN00126(1.0),19/01/22 11:00:00,A,FC_TRA_E,R5220P,KTOE,IT,2017,0.000,
ESTAT:TEN00126(1.0),19/01/22 11:00:00,A,FC_TRA_E,R5220P,KTOE,IT,2018,0.000,
ESTAT:TEN00126(1.0),19/01/22 11:00:00,A,FC_TRA_E,R5220P,KTOE,IT,2019,0.000,
ESTAT:TEN00126(1.0),19/01/22 11:00:00,A,FC_TRA_E,R5220P,KTOE,IT,2020,0.000,
ESTAT:TEN00126(1.0),19/01/22 11:00:00,A,FC_TRA_E,R5220P,KTOE,LT,2009,0.000,
ESTAT:TEN00126(1.0),19/01/22 11:00:00,A,FC_TRA_E,R5220P,KTOE,LT,2010,0.000,
ESTAT:TEN00126(1.0),19/01/22 11:00:00,A,FC_TRA_E,R5220P,KTOE,LT,2011,0.000,
ESTAT:TEN00126(1.0),19/01/22 11:00:00,A,FC_TRA_E,R5220P,KTOE,LT,2012,0.000,
ESTAT:TEN00126(1.0),19/01/22 11:00:00,A,FC_TRA_E,R5220P,KTOE,LT,2013,0.000,
ESTAT:TEN00126(1.0),19/01/22 11:00:00,A,FC_TRA_E,R5220P,KTOE,LT,2014,0.000,
ESTAT:TEN00126(1.0),19/01/22 11:00:00,A,FC_TRA_E,R5220P,KTOE,LT,2015,0.000,
ESTAT:TEN00126(1.0),19/01/22 11:00:00,A,FC_TRA_E,R5220P,KTOE,LT,2016,0.000,
ESTAT:TEN00126(1.0),19/01/22 11:00:00,A,FC_TRA_E,R5220P,KTOE,LT,2017,0.000,
ESTAT:TEN00126(1.0),19/01/22 11:00:00,A,FC_TRA_E,R5220P,KTOE,LT,2018,0.000,
ESTAT:TEN00126(1.0),19/01/22 11:00:00,A,FC_TRA_E,R5220P,KTOE,LT,2019,0.000,
ESTAT:TEN00126(1.0),19/01/22 11:00:00,A,FC_TRA_E,R5220P,KTOE,LT,2020,0.000,
ESTAT:TEN00126(1.0),19/01/22 11:00:00,A,FC_TRA_E,R5220P,KTOE,LU,2009,0.000,
ESTAT:TEN00126(1.0),19/01/22 11:00:00,A,FC_TRA_E,R5220P,KTOE,LU,2010,0.000,
ESTAT:TEN00126(1.0),19/01/22 11:00:00,A,FC_TRA_E,R5220P,KTOE,LU,2011,0.000,
ESTAT:TEN00126(1.0),19/01/22 11:00:00,A,FC_TRA_E,R5220P,KTOE,LU,2012,0.000,
ESTAT:TEN00126(1.0),19/01/22 11:00:00,A,FC_TRA_E,R5220P,KTOE,LU,2013,0.000,
ESTAT:TEN00126(1.0),19/01/22 11:00:00,A,FC_TRA_E,R5220P,KTOE,LU,2014,0.000,
ESTAT:TEN00126(1.0),19/01/22 11:00:00,A,FC_TRA_E,R5220P,KTOE,LU,2015,0.000,
ESTAT:TEN00126(1.0),19/01/22 11:00:00,A,FC_TRA_E,R5220P,KTOE,LU,2016,0.000,
ESTAT:TEN00126(1.0),19/01/22 11:00:00,A,FC_TRA_E,R5220P,KTOE,LU,2017,0.000,
ESTAT:TEN00126(1.0),19/01/22 11:00:00,A,FC_TRA_E,R5220P,KTOE,LU,2018,0.000,
ESTAT:TEN00126(1.0),19/01/22 11:00:00,A,FC_TRA_E,R5220P,KTOE,LU,2019,0.000,
ESTAT:TEN00126(1.0),19/01/22 11:00:00,A,FC_TRA_E,R5220P,KTOE,LU,2020,0.000,
ESTAT:TEN00126(1.0),19/01/22 11:00:00,A,FC_TRA_E,R5220P,KTOE,LV,2009,0.000,
ESTAT:TEN00126(1.0),19/01/22 11:00:00,A,FC_TRA_E,R5220P,KTOE,LV,2010,0.000,
ESTAT:TEN00126(1.0),19/01/22 11:00:00,A,FC_TRA_E,R5220P,KTOE,LV,2011,0.000,
ESTAT:TEN00126(1.0),19/01/22 11:00:00,A,FC_TRA_E,R5220P,KTOE,LV,2012,0.000,
ESTAT:TEN00126(1.0),19/01/22 11:00:00,A,FC_TRA_E,R5220P,KTOE,LV,2013,0.000,
ESTAT:TEN00126(1.0),19/01/22 11:00:00,A,FC_TRA_E,R5220P,KTOE,LV,2014,0.000,
ESTAT:TEN00126(1.0),19/01/22 11:00:00,A,FC_TRA_E,R5220P,KTOE,LV,2015,0.000,
ESTAT:TEN00126(1.0),19/01/22 11:00:00,A,FC_TRA_E,R5220P,KTOE,LV,2016,0.000,
ESTAT:TEN00126(1.0),19/01/22 11:00:00,A,FC_TRA_E,R5220P,KTOE,LV,2017,0.000,
ESTAT:TEN00126(1.0),19/01/22 11:00:00,A,FC_TRA_E,R5220P,KTOE,LV,2018,0.000,
ESTAT:TEN00126(1.0),19/01/22 11:00:00,A,FC_TRA_E,R5220P,KTOE,LV,2019,0.000,
ESTAT:TEN00126(1.0),19/01/22 11:00:00,A,FC_TRA_E,R5220P,KTOE,LV,2020,0.000,
ESTAT:TEN00126(1.0),19/01/22 11:00:00,A,FC_TRA_E,R5220P,KTOE,MD,2010,0.000,
ESTAT:TEN00126(1.0),19/01/22 11:00:00,A,FC_TRA_E,R5220P,KTOE,MD,2011,0.000,
ESTAT:TEN00126(1.0),19/01/22 11:00:00,A,FC_TRA_E,R5220P,KTOE,MD,2012,0.000,
ESTAT:TEN00126(1.0),19/01/22 11:00:00,A,FC_TRA_E,R5220P,KTOE,MD,2013,0.000,
ESTAT:TEN00126(1.0),19/01/22 11:00:00,A,FC_TRA_E,R5220P,KTOE,MD,2014,0.000,
ESTAT:TEN00126(1.0),19/01/22 11:00:00,A,FC_TRA_E,R5220P,KTOE,MD,2015,0.000,
ESTAT:TEN00126(1.0),19/01/22 11:00:00,A,FC_TRA_E,R5220P,KTOE,MD,2016,0.000,
ESTAT:TEN00126(1.0),19/01/22 11:00:00,A,FC_TRA_E,R5220P,KTOE,MD,2017,0.000,
ESTAT:TEN00126(1.0),19/01/22 11:00:00,A,FC_TRA_E,R5220P,KTOE,MD,2018,0.000,
ESTAT:TEN00126(1.0),19/01/22 11:00:00,A,FC_TRA_E,R5220P,KTOE,MD,2019,0.000,
ESTAT:TEN00126(1.0),19/01/22 11:00:00,A,FC_TRA_E,R5220P,KTOE,MD,2020,0.000,
ESTAT:TEN00126(1.0),19/01/22 11:00:00,A,FC_TRA_E,R5220P,KTOE,ME,2009,0.000,
ESTAT:TEN00126(1.0),19/01/22 11:00:00,A,FC_TRA_E,R5220P,KTOE,ME,2010,0.000,
ESTAT:TEN00126(1.0),19/01/22 11:00:00,A,FC_TRA_E,R5220P,KTOE,ME,2011,0.000,
ESTAT:TEN00126(1.0),19/01/22 11:00:00,A,FC_TRA_E,R5220P,KTOE,ME,2012,0.000,
ESTAT:TEN00126(1.0),19/01/22 11:00:00,A,FC_TRA_E,R5220P,KTOE,ME,2013,0.000,
ESTAT:TEN00126(1.0),19/01/22 11:00:00,A,FC_TRA_E,R5220P,KTOE,ME,2014,0.000,
ESTAT:TEN00126(1.0),19/01/22 11:00:00,A,FC_TRA_E,R5220P,KTOE,ME,2015,0.000,
ESTAT:TEN00126(1.0),19/01/22 11:00:00,A,FC_TRA_E,R5220P,KTOE,ME,2016,0.000,
ESTAT:TEN00126(1.0),19/01/22 11:00:00,A,FC_TRA_E,R5220P,KTOE,ME,2017,0.000,
ESTAT:TEN00126(1.0),19/01/22 11:00:00,A,FC_TRA_E,R5220P,KTOE,ME,2018,0.000,
ESTAT:TEN00126(1.0),19/01/22 11:00:00,A,FC_TRA_E,R5220P,KTOE,ME,2019,0.000,
ESTAT:TEN00126(1.0),19/01/22 11:00:00,A,FC_TRA_E,R5220P,KTOE,ME,2020,0.000,
ESTAT:TEN00126(1.0),19/01/22 11:00:00,A,FC_TRA_E,R5220P,KTOE,MK,2009,0.000,
ESTAT:TEN00126(1.0),19/01/22 11:00:00,A,FC_TRA_E,R5220P,KTOE,MK,2010,0.000,
ESTAT:TEN00126(1.0),19/01/22 11:00:00,A,FC_TRA_E,R5220P,KTOE,MK,2011,0.000,
ESTAT:TEN00126(1.0),19/01/22 11:00:00,A,FC_TRA_E,R5220P,KTOE,MK,2012,0.000,
ESTAT:TEN00126(1.0),19/01/22 11:00:00,A,FC_TRA_E,R5220P,KTOE,MK,2013,0.000,
ESTAT:TEN00126(1.0),19/01/22 11:00:00,A,FC_TRA_E,R5220P,KTOE,MK,2014,0.000,
ESTAT:TEN00126(1.0),19/01/22 11:00:00,A,FC_TRA_E,R5220P,KTOE,MK,2015,0.000,
ESTAT:TEN00126(1.0),19/01/22 11:00:00,A,FC_TRA_E,R5220P,KTOE,MK,2016,0.000,
ESTAT:TEN00126(1.0),19/01/22 11:00:00,A,FC_TRA_E,R5220P,KTOE,MK,2017,0.000,
ESTAT:TEN00126(1.0),19/01/22 11:00:00,A,FC_TRA_E,R5220P,KTOE,MK,2018,0.000,
ESTAT:TEN00126(1.0),19/01/22 11:00:00,A,FC_TRA_E,R5220P,KTOE,MK,2019,0.000,
ESTAT:TEN00126(1.0),19/01/22 11:00:00,A,FC_TRA_E,R5220P,KTOE,MK,2020,0.000,
ESTAT:TEN00126(1.0),19/01/22 11:00:00,A,FC_TRA_E,R5220P,KTOE,MT,2009,0.000,
ESTAT:TEN00126(1.0),19/01/22 11:00:00,A,FC_TRA_E,R5220P,KTOE,MT,2010,0.536,
ESTAT:TEN00126(1.0),19/01/22 11:00:00,A,FC_TRA_E,R5220P,KTOE,MT,2011,0.642,
ESTAT:TEN00126(1.0),19/01/22 11:00:00,A,FC_TRA_E,R5220P,KTOE,MT,2012,0.865,
ESTAT:TEN00126(1.0),19/01/22 11:00:00,A,FC_TRA_E,R5220P,KTOE,MT,2013,1.240,
ESTAT:TEN00126(1.0),19/01/22 11:00:00,A,FC_TRA_E,R5220P,KTOE,MT,2014,1.537,
ESTAT:TEN00126(1.0),19/01/22 11:00:00,A,FC_TRA_E,R5220P,KTOE,MT,2015,1.035,
ESTAT:TEN00126(1.0),19/01/22 11:00:00,A,FC_TRA_E,R5220P,KTOE,MT,2016,0.000,
ESTAT:TEN00126(1.0),19/01/22 11:00:00,A,FC_TRA_E,R5220P,KTOE,MT,2017,0.000,
ESTAT:TEN00126(1.0),19/01/22 11:00:00,A,FC_TRA_E,R5220P,KTOE,MT,2018,0.000,
ESTAT:TEN00126(1.0),19/01/22 11:00:00,A,FC_TRA_E,R5220P,KTOE,MT,2019,0.000,
ESTAT:TEN00126(1.0),19/01/22 11:00:00,A,FC_TRA_E,R5220P,KTOE,MT,2020,0.000,
ESTAT:TEN00126(1.0),19/01/22 11:00:00,A,FC_TRA_E,R5220P,KTOE,NL,2009,0.000,
ESTAT:TEN00126(1.0),19/01/22 11:00:00,A,FC_TRA_E,R5220P,KTOE,NL,2010,0.000,
ESTAT:TEN00126(1.0),19/01/22 11:00:00,A,FC_TRA_E,R5220P,KTOE,NL,2011,0.000,
ESTAT:TEN00126(1.0),19/01/22 11:00:00,A,FC_TRA_E,R5220P,KTOE,NL,2012,0.000,
ESTAT:TEN00126(1.0),19/01/22 11:00:00,A,FC_TRA_E,R5220P,KTOE,NL,2013,0.000,
ESTAT:TEN00126(1.0),19/01/22 11:00:00,A,FC_TRA_E,R5220P,KTOE,NL,2014,0.000,
ESTAT:TEN00126(1.0),19/01/22 11:00:00,A,FC_TRA_E,R5220P,KTOE,NL,2015,0.000,
ESTAT:TEN00126(1.0),19/01/22 11:00:00,A,FC_TRA_E,R5220P,KTOE,NL,2016,0.000,
ESTAT:TEN00126(1.0),19/01/22 11:00:00,A,FC_TRA_E,R5220P,KTOE,NL,2017,0.000,
ESTAT:TEN00126(1.0),19/01/22 11:00:00,A,FC_TRA_E,R5220P,KTOE,NL,2018,0.000,
ESTAT:TEN00126(1.0),19/01/22 11:00:00,A,FC_TRA_E,R5220P,KTOE,NL,2019,0.000,
ESTAT:TEN00126(1.0),19/01/22 11:00:00,A,FC_TRA_E,R5220P,KTOE,NL,2020,0.000,
ESTAT:TEN00126(1.0),19/01/22 11:00:00,A,FC_TRA_E,R5220P,KTOE,NO,2009,0.000,
ESTAT:TEN00126(1.0),19/01/22 11:00:00,A,FC_TRA_E,R5220P,KTOE,NO,2010,0.000,
ESTAT:TEN00126(1.0),19/01/22 11:00:00,A,FC_TRA_E,R5220P,KTOE,NO,2011,0.000,
ESTAT:TEN00126(1.0),19/01/22 11:00:00,A,FC_TRA_E,R5220P,KTOE,NO,2012,0.000,
ESTAT:TEN00126(1.0),19/01/22 11:00:00,A,FC_TRA_E,R5220P,KTOE,NO,2013,0.000,
ESTAT:TEN00126(1.0),19/01/22 11:00:00,A,FC_TRA_E,R5220P,KTOE,NO,2014,0.000,
ESTAT:TEN00126(1.0),19/01/22 11:00:00,A,FC_TRA_E,R5220P,KTOE,NO,2015,0.000,
ESTAT:TEN00126(1.0),19/01/22 11:00:00,A,FC_TRA_E,R5220P,KTOE,NO,2016,0.000,
ESTAT:TEN00126(1.0),19/01/22 11:00:00,A,FC_TRA_E,R5220P,KTOE,NO,2017,0.000,
ESTAT:TEN00126(1.0),19/01/22 11:00:00,A,FC_TRA_E,R5220P,KTOE,NO,2018,0.000,
ESTAT:TEN00126(1.0),19/01/22 11:00:00,A,FC_TRA_E,R5220P,KTOE,NO,2019,0.000,
ESTAT:TEN00126(1.0),19/01/22 11:00:00,A,FC_TRA_E,R5220P,KTOE,NO,2020,0.000,
ESTAT:TEN00126(1.0),19/01/22 11:00:00,A,FC_TRA_E,R5220P,KTOE,PL,2009,80.485,
ESTAT:TEN00126(1.0),19/01/22 11:00:00,A,FC_TRA_E,R5220P,KTOE,PL,2010,211.693,
ESTAT:TEN00126(1.0),19/01/22 11:00:00,A,FC_TRA_E,R5220P,KTOE,PL,2011,219.203,
ESTAT:TEN00126(1.0),19/01/22 11:00:00,A,FC_TRA_E,R5220P,KTOE,PL,2012,33.367,
ESTAT:TEN00126(1.0),19/01/22 11:00:00,A,FC_TRA_E,R5220P,KTOE,PL,2013,5.508,
ESTAT:TEN00126(1.0),19/01/22 11:00:00,A,FC_TRA_E,R5220P,KTOE,PL,2014,8.705,
ESTAT:TEN00126(1.0),19/01/22 11:00:00,A,FC_TRA_E,R5220P,KTOE,PL,2015,1.522,
ESTAT:TEN00126(1.0),19/01/22 11:00:00,A,FC_TRA_E,R5220P,KTOE,PL,2016,4.303,
ESTAT:TEN00126(1.0),19/01/22 11:00:00,A,FC_TRA_E,R5220P,KTOE,PL,2017,0.046,
ESTAT:TEN00126(1.0),19/01/22 11:00:00,A,FC_TRA_E,R5220P,KTOE,PL,2018,0.813,
ESTAT:TEN00126(1.0),19/01/22 11:00:00,A,FC_TRA_E,R5220P,KTOE,PL,2019,40.500,
ESTAT:TEN00126(1.0),19/01/22 11:00:00,A,FC_TRA_E,R5220P,KTOE,PL,2020,19.385,
ESTAT:TEN00126(1.0),19/01/22 11:00:00,A,FC_TRA_E,R5220P,KTOE,PT,2009,0.000,
ESTAT:TEN00126(1.0),19/01/22 11:00:00,A,FC_TRA_E,R5220P,KTOE,PT,2010,0.000,
ESTAT:TEN00126(1.0),19/01/22 11:00:00,A,FC_TRA_E,R5220P,KTOE,PT,2011,0.000,
ESTAT:TEN00126(1.0),19/01/22 11:00:00,A,FC_TRA_E,R5220P,KTOE,PT,2012,0.000,
ESTAT:TEN00126(1.0),19/01/22 11:00:00,A,FC_TRA_E,R5220P,KTOE,PT,2013,0.000,
ESTAT:TEN00126(1.0),19/01/22 11:00:00,A,FC_TRA_E,R5220P,KTOE,PT,2014,0.000,
ESTAT:TEN00126(1.0),19/01/22 11:00:00,A,FC_TRA_E,R5220P,KTOE,PT,2015,0.000,
ESTAT:TEN00126(1.0),19/01/22 11:00:00,A,FC_TRA_E,R5220P,KTOE,PT,2016,0.000,
ESTAT:TEN00126(1.0),19/01/22 11:00:00,A,FC_TRA_E,R5220P,KTOE,PT,2017,2.060,
ESTAT:TEN00126(1.0),19/01/22 11:00:00,A,FC_TRA_E,R5220P,KTOE,PT,2018,4.215,
ESTAT:TEN00126(1.0),19/01/22 11:00:00,A,FC_TRA_E,R5220P,KTOE,PT,2019,1.848,
ESTAT:TEN00126(1.0),19/01/22 11:00:00,A,FC_TRA_E,R5220P,KTOE,PT,2020,1.413,
ESTAT:TEN00126(1.0),19/01/22 11:00:00,A,FC_TRA_E,R5220P,KTOE,RO,2009,122.363,
ESTAT:TEN00126(1.0),19/01/22 11:00:00,A,FC_TRA_E,R5220P,KTOE,RO,2010,1.845,
ESTAT:TEN00126(1.0),19/01/22 11:00:00,A,FC_TRA_E,R5220P,KTOE,RO,2011,9.523,
ESTAT:TEN00126(1.0),19/01/22 11:00:00,A,FC_TRA_E,R5220P,KTOE,RO,2012,44.423,
ESTAT:TEN00126(1.0),19/01/22 11:00:00,A,FC_TRA_E,R5220P,KTOE,RO,2013,51.068,
ESTAT:TEN00126(1.0),19/01/22 11:00:00,A,FC_TRA_E,R5220P,KTOE,RO,2014,34.511,
ESTAT:TEN00126(1.0),19/01/22 11:00:00,A,FC_TRA_E,R5220P,KTOE,RO,2015,45.222,
ESTAT:TEN00126(1.0),19/01/22 11:00:00,A,FC_TRA_E,R5220P,KTOE,RO,2016,11.501,
ESTAT:TEN00126(1.0),19/01/22 11:00:00,A,FC_TRA_E,R5220P,KTOE,RO,2017,24.133,
ESTAT:TEN00126(1.0),19/01/22 11:00:00,A,FC_TRA_E,R5220P,KTOE,RO,2018,4.949,
ESTAT:TEN00126(1.0),19/01/22 11:00:00,A,FC_TRA_E,R5220P,KTOE,RO,2019,44.106,
ESTAT:TEN00126(1.0),19/01/22 11:00:00,A,FC_TRA_E,R5220P,KTOE,RO,2020,52.585,
ESTAT:TEN00126(1.0),19/01/22 11:00:00,A,FC_TRA_E,R5220P,KTOE,RS,2009,0.000,
ESTAT:TEN00126(1.0),19/01/22 11:00:00,A,FC_TRA_E,R5220P,KTOE,RS,2010,0.000,
ESTAT:TEN00126(1.0),19/01/22 11:00:00,A,FC_TRA_E,R5220P,KTOE,RS,2011,0.000,
ESTAT:TEN00126(1.0),19/01/22 11:00:00,A,FC_TRA_E,R5220P,KTOE,RS,2012,0.000,
ESTAT:TEN00126(1.0),19/01/22 11:00:00,A,FC_TRA_E,R5220P,KTOE,RS,2013,0.000,
ESTAT:TEN00126(1.0),19/01/22 11:00:00,A,FC_TRA_E,R5220P,KTOE,RS,2014,0.000,
ESTAT:TEN00126(1.0),19/01/22 11:00:00,A,FC_TRA_E,R5220P,KTOE,RS,2015,0.000,
ESTAT:TEN00126(1.0),19/01/22 11:00:00,A,FC_TRA_E,R5220P,KTOE,RS,2016,0.000,
ESTAT:TEN00126(1.0),19/01/22 11:00:00,A,FC_TRA_E,R5220P,KTOE,RS,2017,0.000,
ESTAT:TEN00126(1.0),19/01/22 11:00:00,A,FC_TRA_E,R5220P,KTOE,RS,2018,0.000,
ESTAT:TEN00126(1.0),19/01/22 11:00:00,A,FC_TRA_E,R5220P,KTOE,RS,2019,0.000,
ESTAT:TEN00126(1.0),19/01/22 11:00:00,A,FC_TRA_E,R5220P,KTOE,RS,2020,0.000,
ESTAT:TEN00126(1.0),19/01/22 11:00:00,A,FC_TRA_E,R5220P,KTOE,SE,2009,7.773,
ESTAT:TEN00126(1.0),19/01/22 11:00:00,A,FC_TRA_E,R5220P,KTOE,SE,2010,11.651,
ESTAT:TEN00126(1.0),19/01/22 11:00:00,A,FC_TRA_E,R5220P,KTOE,SE,2011,17.255,
ESTAT:TEN00126(1.0),19/01/22 11:00:00,A,FC_TRA_E,R5220P,KTOE,SE,2012,27.850,
ESTAT:TEN00126(1.0),19/01/22 11:00:00,A,FC_TRA_E,R5220P,KTOE,SE,2013,34.985,
ESTAT:TEN00126(1.0),19/01/22 11:00:00,A,FC_TRA_E,R5220P,KTOE,SE,2014,117.161,
ESTAT:TEN00126(1.0),19/01/22 11:00:00,A,FC_TRA_E,R5220P,KTOE,SE,2015,138.076,
ESTAT:TEN00126(1.0),19/01/22 11:00:00,A,FC_TRA_E,R5220P,KTOE,SE,2016,200.421,
ESTAT:TEN00126(1.0),19/01/22 11:00:00,A,FC_TRA_E,R5220P,KTOE,SE,2017,413.801,
ESTAT:TEN00126(1.0),19/01/22 11:00:00,A,FC_TRA_E,R5220P,KTOE,SE,2018,362.578,
ESTAT:TEN00126(1.0),19/01/22 11:00:00,A,FC_TRA_E,R5220P,KTOE,SE,2019,281.224,
ESTAT:TEN00126(1.0),19/01/22 11:00:00,A,FC_TRA_E,R5220P,KTOE,SE,2020,294.281,
ESTAT:TEN00126(1.0),19/01/22 11:00:00,A,FC_TRA_E,R5220P,KTOE,SI,2009,0.000,
ESTAT:TEN00126(1.0),19/01/22 11:00:00,A,FC_TRA_E,R5220P,KTOE,SI,2010,0.000,
ESTAT:TEN00126(1.0),19/01/22 11:00:00,A,FC_TRA_E,R5220P,KTOE,SI,2011,0.000,
ESTAT:TEN00126(1.0),19/01/22 11:00:00,A,FC_TRA_E,R5220P,KTOE,SI,2012,0.000,
ESTAT:TEN00126(1.0),19/01/22 11:00:00,A,FC_TRA_E,R5220P,KTOE,SI,2013,0.000,
ESTAT:TEN00126(1.0),19/01/22 11:00:00,A,FC_TRA_E,R5220P,KTOE,SI,2014,0.000,
ESTAT:TEN00126(1.0),19/01/22 11:00:00,A,FC_TRA_E,R5220P,KTOE,SI,2015,0.000,
ESTAT:TEN00126(1.0),19/01/22 11:00:00,A,FC_TRA_E,R5220P,KTOE,SI,2016,0.000,
ESTAT:TEN00126(1.0),19/01/22 11:00:00,A,FC_TRA_E,R5220P,KTOE,SI,2017,0.000,
ESTAT:TEN00126(1.0),19/01/22 11:00:00,A,FC_TRA_E,R5220P,KTOE,SI,2018,0.000,
ESTAT:TEN00126(1.0),19/01/22 11:00:00,A,FC_TRA_E,R5220P,KTOE,SI,2019,0.000,
ESTAT:TEN00126(1.0),19/01/22 11:00:00,A,FC_TRA_E,R5220P,KTOE,SI,2020,0.000,
ESTAT:TEN00126(1.0),19/01/22 11:00:00,A,FC_TRA_E,R5220P,KTOE,SK,2009,0.000,
ESTAT:TEN00126(1.0),19/01/22 11:00:00,A,FC_TRA_E,R5220P,KTOE,SK,2010,0.000,
ESTAT:TEN00126(1.0),19/01/22 11:00:00,A,FC_TRA_E,R5220P,KTOE,SK,2011,0.000,
ESTAT:TEN00126(1.0),19/01/22 11:00:00,A,FC_TRA_E,R5220P,KTOE,SK,2012,0.000,
ESTAT:TEN00126(1.0),19/01/22 11:00:00,A,FC_TRA_E,R5220P,KTOE,SK,2013,0.000,
ESTAT:TEN00126(1.0),19/01/22 11:00:00,A,FC_TRA_E,R5220P,KTOE,SK,2014,0.000,
ESTAT:TEN00126(1.0),19/01/22 11:00:00,A,FC_TRA_E,R5220P,KTOE,SK,2015,0.000,
ESTAT:TEN00126(1.0),19/01/22 11:00:00,A,FC_TRA_E,R5220P,KTOE,SK,2016,0.000,
ESTAT:TEN00126(1.0),19/01/22 11:00:00,A,FC_TRA_E,R5220P,KTOE,SK,2017,0.000,
ESTAT:TEN00126(1.0),19/01/22 11:00:00,A,FC_TRA_E,R5220P,KTOE,SK,2018,0.000,
ESTAT:TEN00126(1.0),19/01/22 11:00:00,A,FC_TRA_E,R5220P,KTOE,SK,2019,0.000,
ESTAT:TEN00126(1.0),19/01/22 11:00:00,A,FC_TRA_E,R5220P,KTOE,SK,2020,0.000,
ESTAT:TEN00126(1.0),19/01/22 11:00:00,A,FC_TRA_E,R5220P,KTOE,TR,2009,0.000,
ESTAT:TEN00126(1.0),19/01/22 11:00:00,A,FC_TRA_E,R5220P,KTOE,TR,2010,0.000,
ESTAT:TEN00126(1.0),19/01/22 11:00:00,A,FC_TRA_E,R5220P,KTOE,TR,2011,0.000,
ESTAT:TEN00126(1.0),19/01/22 11:00:00,A,FC_TRA_E,R5220P,KTOE,TR,2012,0.000,
ESTAT:TEN00126(1.0),19/01/22 11:00:00,A,FC_TRA_E,R5220P,KTOE,TR,2013,0.000,
ESTAT:TEN00126(1.0),19/01/22 11:00:00,A,FC_TRA_E,R5220P,KTOE,TR,2014,0.000,
ESTAT:TEN00126(1.0),19/01/22 11:00:00,A,FC_TRA_E,R5220P,KTOE,TR,2015,0.000,
ESTAT:TEN00126(1.0),19/01/22 11:00:00,A,FC_TRA_E,R5220P,KTOE,TR,2016,0.000,
ESTAT:TEN00126(1.0),19/01/22 11:00:00,A,FC_TRA_E,R5220P,KTOE,TR,2017,0.000,
ESTAT:TEN00126(1.0),19/01/22 11:00:00,A,FC_TRA_E,R5220P,KTOE,TR,2018,0.000,
ESTAT:TEN00126(1.0),19/01/22 11:00:00,A,FC_TRA_E,R5220P,KTOE,TR,2019,0.000,
ESTAT:TEN00126(1.0),19/01/22 11:00:00,A,FC_TRA_E,R5220P,KTOE,TR,2020,0.000,
ESTAT:TEN00126(1.0),19/01/22 11:00:00,A,FC_TRA_E,R5220P,KTOE,UA,2009,0.000,
ESTAT:TEN00126(1.0),19/01/22 11:00:00,A,FC_TRA_E,R5220P,KTOE,UA,2010,0.000,
ESTAT:TEN00126(1.0),19/01/22 11:00:00,A,FC_TRA_E,R5220P,KTOE,UA,2011,0.000,
ESTAT:TEN00126(1.0),19/01/22 11:00:00,A,FC_TRA_E,R5220P,KTOE,UA,2012,0.000,
ESTAT:TEN00126(1.0),19/01/22 11:00:00,A,FC_TRA_E,R5220P,KTOE,UA,2013,0.000,
ESTAT:TEN00126(1.0),19/01/22 11:00:00,A,FC_TRA_E,R5220P,KTOE,UA,2014,0.000,
ESTAT:TEN00126(1.0),19/01/22 11:00:00,A,FC_TRA_E,R5220P,KTOE,UA,2015,0.000,
ESTAT:TEN00126(1.0),19/01/22 11:00:00,A,FC_TRA_E,R5220P,KTOE,UA,2016,0.000,
ESTAT:TEN00126(1.0),19/01/22 11:00:00,A,FC_TRA_E,R5220P,KTOE,UA,2017,0.000,
ESTAT:TEN00126(1.0),19/01/22 11:00:00,A,FC_TRA_E,R5220P,KTOE,UA,2018,0.000,
ESTAT:TEN00126(1.0),19/01/22 11:00:00,A,FC_TRA_E,R5220P,KTOE,UA,2019,0.000,
ESTAT:TEN00126(1.0),19/01/22 11:00:00,A,FC_TRA_E,R5220P,KTOE,UA,2020,0.000,
ESTAT:TEN00126(1.0),19/01/22 11:00:00,A,FC_TRA_E,R5220P,KTOE,UK,2009,0.000,
ESTAT:TEN00126(1.0),19/01/22 11:00:00,A,FC_TRA_E,R5220P,KTOE,UK,2010,0.000,
ESTAT:TEN00126(1.0),19/01/22 11:00:00,A,FC_TRA_E,R5220P,KTOE,UK,2011,0.000,
ESTAT:TEN00126(1.0),19/01/22 11:00:00,A,FC_TRA_E,R5220P,KTOE,UK,2012,0.000,
ESTAT:TEN00126(1.0),19/01/22 11:00:00,A,FC_TRA_E,R5220P,KTOE,UK,2013,0.000,
ESTAT:TEN00126(1.0),19/01/22 11:00:00,A,FC_TRA_E,R5220P,KTOE,UK,2014,0.000,
ESTAT:TEN00126(1.0),19/01/22 11:00:00,A,FC_TRA_E,R5220P,KTOE,UK,2015,0.000,
ESTAT:TEN00126(1.0),19/01/22 11:00:00,A,FC_TRA_E,R5220P,KTOE,UK,2016,0.000,
ESTAT:TEN00126(1.0),19/01/22 11:00:00,A,FC_TRA_E,R5220P,KTOE,UK,2017,0.000,
ESTAT:TEN00126(1.0),19/01/22 11:00:00,A,FC_TRA_E,R5220P,KTOE,UK,2018,0.000,
ESTAT:TEN00126(1.0),19/01/22 11:00:00,A,FC_TRA_E,R5220P,KTOE,UK,2019,0.000,
ESTAT:TEN00126(1.0),19/01/22 11:00:00,A,FC_TRA_E,R5220P,KTOE,XK,2009,0.000,
ESTAT:TEN00126(1.0),19/01/22 11:00:00,A,FC_TRA_E,R5220P,KTOE,XK,2010,0.000,
ESTAT:TEN00126(1.0),19/01/22 11:00:00,A,FC_TRA_E,R5220P,KTOE,XK,2011,0.000,
ESTAT:TEN00126(1.0),19/01/22 11:00:00,A,FC_TRA_E,R5220P,KTOE,XK,2012,0.000,
ESTAT:TEN00126(1.0),19/01/22 11:00:00,A,FC_TRA_E,R5220P,KTOE,XK,2013,0.000,
ESTAT:TEN00126(1.0),19/01/22 11:00:00,A,FC_TRA_E,R5220P,KTOE,XK,2014,0.000,
ESTAT:TEN00126(1.0),19/01/22 11:00:00,A,FC_TRA_E,R5220P,KTOE,XK,2015,0.000,
ESTAT:TEN00126(1.0),19/01/22 11:00:00,A,FC_TRA_E,R5220P,KTOE,XK,2016,0.000,
ESTAT:TEN00126(1.0),19/01/22 11:00:00,A,FC_TRA_E,R5220P,KTOE,XK,2017,0.000,
ESTAT:TEN00126(1.0),19/01/22 11:00:00,A,FC_TRA_E,R5220P,KTOE,XK,2018,0.000,
ESTAT:TEN00126(1.0),19/01/22 11:00:00,A,FC_TRA_E,R5220P,KTOE,XK,2019,0.000,
ESTAT:TEN00126(1.0),19/01/22 11:00:00,A,FC_TRA_E,R5220P,KTOE,XK,2020,0.000,
ESTAT:TEN00126(1.0),19/01/22 11:00:00,A,FC_TRA_E,R5290,KTOE,AL,2009,0.000,
ESTAT:TEN00126(1.0),19/01/22 11:00:00,A,FC_TRA_E,R5290,KTOE,AL,2010,0.000,
ESTAT:TEN00126(1.0),19/01/22 11:00:00,A,FC_TRA_E,R5290,KTOE,AL,2011,0.000,
ESTAT:TEN00126(1.0),19/01/22 11:00:00,A,FC_TRA_E,R5290,KTOE,AL,2012,0.000,
ESTAT:TEN00126(1.0),19/01/22 11:00:00,A,FC_TRA_E,R5290,KTOE,AL,2013,0.000,
ESTAT:TEN00126(1.0),19/01/22 11:00:00,A,FC_TRA_E,R5290,KTOE,AL,2014,0.000,
ESTAT:TEN00126(1.0),19/01/22 11:00:00,A,FC_TRA_E,R5290,KTOE,AL,2015,0.000,
ESTAT:TEN00126(1.0),19/01/22 11:00:00,A,FC_TRA_E,R5290,KTOE,AL,2016,0.000,
ESTAT:TEN00126(1.0),19/01/22 11:00:00,A,FC_TRA_E,R5290,KTOE,AL,2017,0.000,
ESTAT:TEN00126(1.0),19/01/22 11:00:00,A,FC_TRA_E,R5290,KTOE,AL,2018,0.000,
ESTAT:TEN00126(1.0),19/01/22 11:00:00,A,FC_TRA_E,R5290,KTOE,AL,2019,0.000,
ESTAT:TEN00126(1.0),19/01/22 11:00:00,A,FC_TRA_E,R5290,KTOE,AL,2020,0.000,
ESTAT:TEN00126(1.0),19/01/22 11:00:00,A,FC_TRA_E,R5290,KTOE,AT,2009,0.000,
ESTAT:TEN00126(1.0),19/01/22 11:00:00,A,FC_TRA_E,R5290,KTOE,AT,2010,0.000,
ESTAT:TEN00126(1.0),19/01/22 11:00:00,A,FC_TRA_E,R5290,KTOE,AT,2011,0.000,
ESTAT:TEN00126(1.0),19/01/22 11:00:00,A,FC_TRA_E,R5290,KTOE,AT,2012,0.000,
ESTAT:TEN00126(1.0),19/01/22 11:00:00,A,FC_TRA_E,R5290,KTOE,AT,2013,0.000,
ESTAT:TEN00126(1.0),19/01/22 11:00:00,A,FC_TRA_E,R5290,KTOE,AT,2014,0.000,
ESTAT:TEN00126(1.0),19/01/22 11:00:00,A,FC_TRA_E,R5290,KTOE,AT,2015,0.000,
ESTAT:TEN00126(1.0),19/01/22 11:00:00,A,FC_TRA_E,R5290,KTOE,AT,2016,0.000,
ESTAT:TEN00126(1.0),19/01/22 11:00:00,A,FC_TRA_E,R5290,KTOE,AT,2017,0.000,
ESTAT:TEN00126(1.0),19/01/22 11:00:00,A,FC_TRA_E,R5290,KTOE,AT,2018,0.000,
ESTAT:TEN00126(1.0),19/01/22 11:00:00,A,FC_TRA_E,R5290,KTOE,AT,2019,0.000,
ESTAT:TEN00126(1.0),19/01/22 11:00:00,A,FC_TRA_E,R5290,KTOE,AT,2020,0.000,
ESTAT:TEN00126(1.0),19/01/22 11:00:00,A,FC_TRA_E,R5290,KTOE,BA,2014,0.000,
ESTAT:TEN00126(1.0),19/01/22 11:00:00,A,FC_TRA_E,R5290,KTOE,BA,2015,0.000,
ESTAT:TEN00126(1.0),19/01/22 11:00:00,A,FC_TRA_E,R5290,KTOE,BA,2016,0.000,
ESTAT:TEN00126(1.0),19/01/22 11:00:00,A,FC_TRA_E,R5290,KTOE,BA,2017,0.000,
ESTAT:TEN00126(1.0),19/01/22 11:00:00,A,FC_TRA_E,R5290,KTOE,BA,2018,0.000,
ESTAT:TEN00126(1.0),19/01/22 11:00:00,A,FC_TRA_E,R5290,KTOE,BA,2019,0.000,
ESTAT:TEN00126(1.0),19/01/22 11:00:00,A,FC_TRA_E,R5290,KTOE,BE,2009,0.000,
ESTAT:TEN00126(1.0),19/01/22 11:00:00,A,FC_TRA_E,R5290,KTOE,BE,2010,0.000,
ESTAT:TEN00126(1.0),19/01/22 11:00:00,A,FC_TRA_E,R5290,KTOE,BE,2011,0.000,
ESTAT:TEN00126(1.0),19/01/22 11:00:00,A,FC_TRA_E,R5290,KTOE,BE,2012,0.000,
ESTAT:TEN00126(1.0),19/01/22 11:00:00,A,FC_TRA_E,R5290,KTOE,BE,2013,0.000,
ESTAT:TEN00126(1.0),19/01/22 11:00:00,A,FC_TRA_E,R5290,KTOE,BE,2014,0.000,
ESTAT:TEN00126(1.0),19/01/22 11:00:00,A,FC_TRA_E,R5290,KTOE,BE,2015,0.000,
ESTAT:TEN00126(1.0),19/01/22 11:00:00,A,FC_TRA_E,R5290,KTOE,BE,2016,0.000,
ESTAT:TEN00126(1.0),19/01/22 11:00:00,A,FC_TRA_E,R5290,KTOE,BE,2017,0.000,
ESTAT:TEN00126(1.0),19/01/22 11:00:00,A,FC_TRA_E,R5290,KTOE,BE,2018,0.000,
ESTAT:TEN00126(1.0),19/01/22 11:00:00,A,FC_TRA_E,R5290,KTOE,BE,2019,0.000,
ESTAT:TEN00126(1.0),19/01/22 11:00:00,A,FC_TRA_E,R5290,KTOE,BE,2020,0.000,
ESTAT:TEN00126(1.0),19/01/22 11:00:00,A,FC_TRA_E,R5290,KTOE,BG,2009,0.261,
ESTAT:TEN00126(1.0),19/01/22 11:00:00,A,FC_TRA_E,R5290,KTOE,BG,2010,2.952,
ESTAT:TEN00126(1.0),19/01/22 11:00:00,A,FC_TRA_E,R5290,KTOE,BG,2011,0.000,
ESTAT:TEN00126(1.0),19/01/22 11:00:00,A,FC_TRA_E,R5290,KTOE,BG,2012,0.000,
ESTAT:TEN00126(1.0),19/01/22 11:00:00,A,FC_TRA_E,R5290,KTOE,BG,2013,0.000,
ESTAT:TEN00126(1.0),19/01/22 11:00:00,A,FC_TRA_E,R5290,KTOE,BG,2014,0.000,
ESTAT:TEN00126(1.0),19/01/22 11:00:00,A,FC_TRA_E,R5290,KTOE,BG,2015,0.000,
ESTAT:TEN00126(1.0),19/01/22 11:00:00,A,FC_TRA_E,R5290,KTOE,BG,2016,0.000,
ESTAT:TEN00126(1.0),19/01/22 11:00:00,A,FC_TRA_E,R5290,KTOE,BG,2017,0.000,
ESTAT:TEN00126(1.0),19/01/22 11:00:00,A,FC_TRA_E,R5290,KTOE,BG,2018,0.000,
ESTAT:TEN00126(1.0),19/01/22 11:00:00,A,FC_TRA_E,R5290,KTOE,BG,2019,0.000,
ESTAT:TEN00126(1.0),19/01/22 11:00:00,A,FC_TRA_E,R5290,KTOE,BG,2020,0.000,
ESTAT:TEN00126(1.0),19/01/22 11:00:00,A,FC_TRA_E,R5290,KTOE,CY,2009,0.000,
ESTAT:TEN00126(1.0),19/01/22 11:00:00,A,FC_TRA_E,R5290,KTOE,CY,2010,0.000,
ESTAT:TEN00126(1.0),19/01/22 11:00:00,A,FC_TRA_E,R5290,KTOE,CY,2011,0.000,
ESTAT:TEN00126(1.0),19/01/22 11:00:00,A,FC_TRA_E,R5290,KTOE,CY,2012,0.000,
ESTAT:TEN00126(1.0),19/01/22 11:00:00,A,FC_TRA_E,R5290,KTOE,CY,2013,0.000,
ESTAT:TEN00126(1.0),19/01/22 11:00:00,A,FC_TRA_E,R5290,KTOE,CY,2014,0.000,
ESTAT:TEN00126(1.0),19/01/22 11:00:00,A,FC_TRA_E,R5290,KTOE,CY,2015,0.000,
ESTAT:TEN00126(1.0),19/01/22 11:00:00,A,FC_TRA_E,R5290,KTOE,CY,2016,0.000,
ESTAT:TEN00126(1.0),19/01/22 11:00:00,A,FC_TRA_E,R5290,KTOE,CY,2017,0.000,
ESTAT:TEN00126(1.0),19/01/22 11:00:00,A,FC_TRA_E,R5290,KTOE,CY,2018,0.000,
ESTAT:TEN00126(1.0),19/01/22 11:00:00,A,FC_TRA_E,R5290,KTOE,CY,2019,0.000,
ESTAT:TEN00126(1.0),19/01/22 11:00:00,A,FC_TRA_E,R5290,KTOE,CY,2020,0.000,
ESTAT:TEN00126(1.0),19/01/22 11:00:00,A,FC_TRA_E,R5290,KTOE,CZ,2009,0.000,
ESTAT:TEN00126(1.0),19/01/22 11:00:00,A,FC_TRA_E,R5290,KTOE,CZ,2010,0.000,
ESTAT:TEN00126(1.0),19/01/22 11:00:00,A,FC_TRA_E,R5290,KTOE,CZ,2011,0.000,
ESTAT:TEN00126(1.0),19/01/22 11:00:00,A,FC_TRA_E,R5290,KTOE,CZ,2012,0.000,
ESTAT:TEN00126(1.0),19/01/22 11:00:00,A,FC_TRA_E,R5290,KTOE,CZ,2013,0.000,
ESTAT:TEN00126(1.0),19/01/22 11:00:00,A,FC_TRA_E,R5290,KTOE,CZ,2014,0.000,
ESTAT:TEN00126(1.0),19/01/22 11:00:00,A,FC_TRA_E,R5290,KTOE,CZ,2015,0.000,
ESTAT:TEN00126(1.0),19/01/22 11:00:00,A,FC_TRA_E,R5290,KTOE,CZ,2016,0.000,
ESTAT:TEN00126(1.0),19/01/22 11:00:00,A,FC_TRA_E,R5290,KTOE,CZ,2017,0.000,
ESTAT:TEN00126(1.0),19/01/22 11:00:00,A,FC_TRA_E,R5290,KTOE,CZ,2018,0.000,
ESTAT:TEN00126(1.0),19/01/22 11:00:00,A,FC_TRA_E,R5290,KTOE,CZ,2019,0.000,
ESTAT:TEN00126(1.0),19/01/22 11:00:00,A,FC_TRA_E,R5290,KTOE,CZ,2020,0.000,
ESTAT:TEN00126(1.0),19/01/22 11:00:00,A,FC_TRA_E,R5290,KTOE,DE,2009,71.189,
ESTAT:TEN00126(1.0),19/01/22 11:00:00,A,FC_TRA_E,R5290,KTOE,DE,2010,44.260,
ESTAT:TEN00126(1.0),19/01/22 11:00:00,A,FC_TRA_E,R5290,KTOE,DE,2011,12.208,
ESTAT:TEN00126(1.0),19/01/22 11:00:00,A,FC_TRA_E,R5290,KTOE,DE,2012,11.541,
ESTAT:TEN00126(1.0),19/01/22 11:00:00,A,FC_TRA_E,R5290,KTOE,DE,2013,0.000,
ESTAT:TEN00126(1.0),19/01/22 11:00:00,A,FC_TRA_E,R5290,KTOE,DE,2014,2.956,
ESTAT:TEN00126(1.0),19/01/22 11:00:00,A,FC_TRA_E,R5290,KTOE,DE,2015,0.607,
ESTAT:TEN00126(1.0),19/01/22 11:00:00,A,FC_TRA_E,R5290,KTOE,DE,2016,1.602,
ESTAT:TEN00126(1.0),19/01/22 11:00:00,A,FC_TRA_E,R5290,KTOE,DE,2017,1.650,
ESTAT:TEN00126(1.0),19/01/22 11:00:00,A,FC_TRA_E,R5290,KTOE,DE,2018,0.667,
ESTAT:TEN00126(1.0),19/01/22 11:00:00,A,FC_TRA_E,R5290,KTOE,DE,2019,1.286,
ESTAT:TEN00126(1.0),19/01/22 11:00:00,A,FC_TRA_E,R5290,KTOE,DE,2020,0.683,
ESTAT:TEN00126(1.0),19/01/22 11:00:00,A,FC_TRA_E,R5290,KTOE,DK,2009,0.000,
ESTAT:TEN00126(1.0),19/01/22 11:00:00,A,FC_TRA_E,R5290,KTOE,DK,2010,0.000,
ESTAT:TEN00126(1.0),19/01/22 11:00:00,A,FC_TRA_E,R5290,KTOE,DK,2011,0.000,
ESTAT:TEN00126(1.0),19/01/22 11:00:00,A,FC_TRA_E,R5290,KTOE,DK,2012,0.000,
ESTAT:TEN00126(1.0),19/01/22 11:00:00,A,FC_TRA_E,R5290,KTOE,DK,2013,0.000,
ESTAT:TEN00126(1.0),19/01/22 11:00:00,A,FC_TRA_E,R5290,KTOE,DK,2014,0.000,
ESTAT:TEN00126(1.0),19/01/22 11:00:00,A,FC_TRA_E,R5290,KTOE,DK,2015,0.000,
ESTAT:TEN00126(1.0),19/01/22 11:00:00,A,FC_TRA_E,R5290,KTOE,DK,2016,0.000,
ESTAT:TEN00126(1.0),19/01/22 11:00:00,A,FC_TRA_E,R5290,KTOE,DK,2017,0.000,
ESTAT:TEN00126(1.0),19/01/22 11:00:00,A,FC_TRA_E,R5290,KTOE,DK,2018,0.000,
ESTAT:TEN00126(1.0),19/01/22 11:00:00,A,FC_TRA_E,R5290,KTOE,DK,2019,0.000,
ESTAT:TEN00126(1.0),19/01/22 11:00:00,A,FC_TRA_E,R5290,KTOE,DK,2020,0.000,
ESTAT:TEN00126(1.0),19/01/22 11:00:00,A,FC_TRA_E,R5290,KTOE,EA19,2009,75.702,
ESTAT:TEN00126(1.0),19/01/22 11:00:00,A,FC_TRA_E,R5290,KTOE,EA19,2010,48.868,
ESTAT:TEN00126(1.0),19/01/22 11:00:00,A,FC_TRA_E,R5290,KTOE,EA19,2011,16.481,
ESTAT:TEN00126(1.0),19/01/22 11:00:00,A,FC_TRA_E,R5290,KTOE,EA19,2012,15.939,
ESTAT:TEN00126(1.0),19/01/22 11:00:00,A,FC_TRA_E,R5290,KTOE,EA19,2013,4.139,
ESTAT:TEN00126(1.0),19/01/22 11:00:00,A,FC_TRA_E,R5290,KTOE,EA19,2014,7.797,
ESTAT:TEN00126(1.0),19/01/22 11:00:00,A,FC_TRA_E,R5290,KTOE,EA19,2015,3.891,
ESTAT:TEN00126(1.0),19/01/22 11:00:00,A,FC_TRA_E,R5290,KTOE,EA19,2016,3.880,
ESTAT:TEN00126(1.0),19/01/22 11:00:00,A,FC_TRA_E,R5290,KTOE,EA19,2017,1.689,
ESTAT:TEN00126(1.0),19/01/22 11:00:00,A,FC_TRA_E,R5290,KTOE,EA19,2018,0.686,
ESTAT:TEN00126(1.0),19/01/22 11:00:00,A,FC_TRA_E,R5290,KTOE,EA19,2019,1.305,
ESTAT:TEN00126(1.0),19/01/22 11:00:00,A,FC_TRA_E,R5290,KTOE,EA19,2020,0.705,
ESTAT:TEN00126(1.0),19/01/22 11:00:00,A,FC_TRA_E,R5290,KTOE,EE,2009,0.000,
ESTAT:TEN00126(1.0),19/01/22 11:00:00,A,FC_TRA_E,R5290,KTOE,EE,2010,0.000,
ESTAT:TEN00126(1.0),19/01/22 11:00:00,A,FC_TRA_E,R5290,KTOE,EE,2011,0.000,
ESTAT:TEN00126(1.0),19/01/22 11:00:00,A,FC_TRA_E,R5290,KTOE,EE,2012,0.000,
ESTAT:TEN00126(1.0),19/01/22 11:00:00,A,FC_TRA_E,R5290,KTOE,EE,2013,0.000,
ESTAT:TEN00126(1.0),19/01/22 11:00:00,A,FC_TRA_E,R5290,KTOE,EE,2014,0.000,
ESTAT:TEN00126(1.0),19/01/22 11:00:00,A,FC_TRA_E,R5290,KTOE,EE,2015,0.000,
ESTAT:TEN00126(1.0),19/01/22 11:00:00,A,FC_TRA_E,R5290,KTOE,EE,2016,0.000,
ESTAT:TEN00126(1.0),19/01/22 11:00:00,A,FC_TRA_E,R5290,KTOE,EE,2017,0.000,
ESTAT:TEN00126(1.0),19/01/22 11:00:00,A,FC_TRA_E,R5290,KTOE,EE,2018,0.000,
ESTAT:TEN00126(1.0),19/01/22 11:00:00,A,FC_TRA_E,R5290,KTOE,EE,2019,0.000,
ESTAT:TEN00126(1.0),19/01/22 11:00:00,A,FC_TRA_E,R5290,KTOE,EE,2020,0.000,
ESTAT:TEN00126(1.0),19/01/22 11:00:00,A,FC_TRA_E,R5290,KTOE,EL,2009,0.000,
ESTAT:TEN00126(1.0),19/01/22 11:00:00,A,FC_TRA_E,R5290,KTOE,EL,2010,0.000,
ESTAT:TEN00126(1.0),19/01/22 11:00:00,A,FC_TRA_E,R5290,KTOE,EL,2011,0.000,
ESTAT:TEN00126(1.0),19/01/22 11:00:00,A,FC_TRA_E,R5290,KTOE,EL,2012,0.000,
ESTAT:TEN00126(1.0),19/01/22 11:00:00,A,FC_TRA_E,R5290,KTOE,EL,2013,0.000,
ESTAT:TEN00126(1.0),19/01/22 11:00:00,A,FC_TRA_E,R5290,KTOE,EL,2014,0.000,
ESTAT:TEN00126(1.0),19/01/22 11:00:00,A,FC_TRA_E,R5290,KTOE,EL,2015,0.000,
ESTAT:TEN00126(1.0),19/01/22 11:00:00,A,FC_TRA_E,R5290,KTOE,EL,2016,0.000,
ESTAT:TEN00126(1.0),19/01/22 11:00:00,A,FC_TRA_E,R5290,KTOE,EL,2017,0.000,
ESTAT:TEN00126(1.0),19/01/22 11:00:00,A,FC_TRA_E,R5290,KTOE,EL,2018,0.000,
ESTAT:TEN00126(1.0),19/01/22 11:00:00,A,FC_TRA_E,R5290,KTOE,EL,2019,0.000,
ESTAT:TEN00126(1.0),19/01/22 11:00:00,A,FC_TRA_E,R5290,KTOE,EL,2020,0.000,
ESTAT:TEN00126(1.0),19/01/22 11:00:00,A,FC_TRA_E,R5290,KTOE,ES,2009,0.000,
ESTAT:TEN00126(1.0),19/01/22 11:00:00,A,FC_TRA_E,R5290,KTOE,ES,2010,0.000,
ESTAT:TEN00126(1.0),19/01/22 11:00:00,A,FC_TRA_E,R5290,KTOE,ES,2011,0.000,
ESTAT:TEN00126(1.0),19/01/22 11:00:00,A,FC_TRA_E,R5290,KTOE,ES,2012,0.000,
ESTAT:TEN00126(1.0),19/01/22 11:00:00,A,FC_TRA_E,R5290,KTOE,ES,2013,0.000,
ESTAT:TEN00126(1.0),19/01/22 11:00:00,A,FC_TRA_E,R5290,KTOE,ES,2014,0.000,
ESTAT:TEN00126(1.0),19/01/22 11:00:00,A,FC_TRA_E,R5290,KTOE,ES,2015,0.000,
ESTAT:TEN00126(1.0),19/01/22 11:00:00,A,FC_TRA_E,R5290,KTOE,ES,2016,0.000,
ESTAT:TEN00126(1.0),19/01/22 11:00:00,A,FC_TRA_E,R5290,KTOE,ES,2017,0.000,
ESTAT:TEN00126(1.0),19/01/22 11:00:00,A,FC_TRA_E,R5290,KTOE,ES,2018,0.000,
ESTAT:TEN00126(1.0),19/01/22 11:00:00,A,FC_TRA_E,R5290,KTOE,ES,2019,0.000,
ESTAT:TEN00126(1.0),19/01/22 11:00:00,A,FC_TRA_E,R5290,KTOE,ES,2020,0.000,
ESTAT:TEN00126(1.0),19/01/22 11:00:00,A,FC_TRA_E,R5290,KTOE,EU27_2020,2009,75.963,
ESTAT:TEN00126(1.0),19/01/22 11:00:00,A,FC_TRA_E,R5290,KTOE,EU27_2020,2010,51.820,
ESTAT:TEN00126(1.0),19/01/22 11:00:00,A,FC_TRA_E,R5290,KTOE,EU27_2020,2011,16.481,
ESTAT:TEN00126(1.0),19/01/22 11:00:00,A,FC_TRA_E,R5290,KTOE,EU27_2020,2012,15.939,
ESTAT:TEN00126(1.0),19/01/22 11:00:00,A,FC_TRA_E,R5290,KTOE,EU27_2020,2013,4.139,
ESTAT:TEN00126(1.0),19/01/22 11:00:00,A,FC_TRA_E,R5290,KTOE,EU27_2020,2014,7.797,
ESTAT:TEN00126(1.0),19/01/22 11:00:00,A,FC_TRA_E,R5290,KTOE,EU27_2020,2015,3.891,
ESTAT:TEN00126(1.0),19/01/22 11:00:00,A,FC_TRA_E,R5290,KTOE,EU27_2020,2016,3.880,
ESTAT:TEN00126(1.0),19/01/22 11:00:00,A,FC_TRA_E,R5290,KTOE,EU27_2020,2017,1.689,
ESTAT:TEN00126(1.0),19/01/22 11:00:00,A,FC_TRA_E,R5290,KTOE,EU27_2020,2018,0.686,
ESTAT:TEN00126(1.0),19/01/22 11:00:00,A,FC_TRA_E,R5290,KTOE,EU27_2020,2019,1.305,
ESTAT:TEN00126(1.0),19/01/22 11:00:00,A,FC_TRA_E,R5290,KTOE,EU27_2020,2020,0.705,
ESTAT:TEN00126(1.0),19/01/22 11:00:00,A,FC_TRA_E,R5290,KTOE,FI,2009,0.000,
ESTAT:TEN00126(1.0),19/01/22 11:00:00,A,FC_TRA_E,R5290,KTOE,FI,2010,0.000,
ESTAT:TEN00126(1.0),19/01/22 11:00:00,A,FC_TRA_E,R5290,KTOE,FI,2011,0.000,
ESTAT:TEN00126(1.0),19/01/22 11:00:00,A,FC_TRA_E,R5290,KTOE,FI,2012,0.000,
ESTAT:TEN00126(1.0),19/01/22 11:00:00,A,FC_TRA_E,R5290,KTOE,FI,2013,0.000,
ESTAT:TEN00126(1.0),19/01/22 11:00:00,A,FC_TRA_E,R5290,KTOE,FI,2014,0.000,
ESTAT:TEN00126(1.0),19/01/22 11:00:00,A,FC_TRA_E,R5290,KTOE,FI,2015,0.000,
ESTAT:TEN00126(1.0),19/01/22 11:00:00,A,FC_TRA_E,R5290,KTOE,FI,2016,0.000,
ESTAT:TEN00126(1.0),19/01/22 11:00:00,A,FC_TRA_E,R5290,KTOE,FI,2017,0.000,
ESTAT:TEN00126(1.0),19/01/22 11:00:00,A,FC_TRA_E,R5290,KTOE,FI,2018,0.000,
ESTAT:TEN00126(1.0),19/01/22 11:00:00,A,FC_TRA_E,R5290,KTOE,FI,2019,0.000,
ESTAT:TEN00126(1.0),19/01/22 11:00:00,A,FC_TRA_E,R5290,KTOE,FI,2020,0.000,
ESTAT:TEN00126(1.0),19/01/22 11:00:00,A,FC_TRA_E,R5290,KTOE,FR,2009,0.000,
ESTAT:TEN00126(1.0),19/01/22 11:00:00,A,FC_TRA_E,R5290,KTOE,FR,2010,0.000,
ESTAT:TEN00126(1.0),19/01/22 11:00:00,A,FC_TRA_E,R5290,KTOE,FR,2011,0.000,
ESTAT:TEN00126(1.0),19/01/22 11:00:00,A,FC_TRA_E,R5290,KTOE,FR,2012,0.000,
ESTAT:TEN00126(1.0),19/01/22 11:00:00,A,FC_TRA_E,R5290,KTOE,FR,2013,0.000,
ESTAT:TEN00126(1.0),19/01/22 11:00:00,A,FC_TRA_E,R5290,KTOE,FR,2014,0.000,
ESTAT:TEN00126(1.0),19/01/22 11:00:00,A,FC_TRA_E,R5290,KTOE,FR,2015,0.000,
ESTAT:TEN00126(1.0),19/01/22 11:00:00,A,FC_TRA_E,R5290,KTOE,FR,2016,0.000,
ESTAT:TEN00126(1.0),19/01/22 11:00:00,A,FC_TRA_E,R5290,KTOE,FR,2017,0.000,
ESTAT:TEN00126(1.0),19/01/22 11:00:00,A,FC_TRA_E,R5290,KTOE,FR,2018,0.000,
ESTAT:TEN00126(1.0),19/01/22 11:00:00,A,FC_TRA_E,R5290,KTOE,FR,2019,0.000,
ESTAT:TEN00126(1.0),19/01/22 11:00:00,A,FC_TRA_E,R5290,KTOE,FR,2020,0.000,
ESTAT:TEN00126(1.0),19/01/22 11:00:00,A,FC_TRA_E,R5290,KTOE,GE,2013,0.000,
ESTAT:TEN00126(1.0),19/01/22 11:00:00,A,FC_TRA_E,R5290,KTOE,GE,2014,0.000,
ESTAT:TEN00126(1.0),19/01/22 11:00:00,A,FC_TRA_E,R5290,KTOE,GE,2015,0.000,
ESTAT:TEN00126(1.0),19/01/22 11:00:00,A,FC_TRA_E,R5290,KTOE,GE,2016,0.000,
ESTAT:TEN00126(1.0),19/01/22 11:00:00,A,FC_TRA_E,R5290,KTOE,GE,2017,0.000,
ESTAT:TEN00126(1.0),19/01/22 11:00:00,A,FC_TRA_E,R5290,KTOE,GE,2018,0.000,
ESTAT:TEN00126(1.0),19/01/22 11:00:00,A,FC_TRA_E,R5290,KTOE,GE,2019,0.000,
ESTAT:TEN00126(1.0),19/01/22 11:00:00,A,FC_TRA_E,R5290,KTOE,GE,2020,0.000,
ESTAT:TEN00126(1.0),19/01/22 11:00:00,A,FC_TRA_E,R5290,KTOE,HR,2009,0.000,
ESTAT:TEN00126(1.0),19/01/22 11:00:00,A,FC_TRA_E,R5290,KTOE,HR,2010,0.000,
ESTAT:TEN00126(1.0),19/01/22 11:00:00,A,FC_TRA_E,R5290,KTOE,HR,2011,0.000,
ESTAT:TEN00126(1.0),19/01/22 11:00:00,A,FC_TRA_E,R5290,KTOE,HR,2012,0.000,
ESTAT:TEN00126(1.0),19/01/22 11:00:00,A,FC_TRA_E,R5290,KTOE,HR,2013,0.000,
ESTAT:TEN00126(1.0),19/01/22 11:00:00,A,FC_TRA_E,R5290,KTOE,HR,2014,0.000,
ESTAT:TEN00126(1.0),19/01/22 11:00:00,A,FC_TRA_E,R5290,KTOE,HR,2015,0.000,
ESTAT:TEN00126(1.0),19/01/22 11:00:00,A,FC_TRA_E,R5290,KTOE,HR,2016,0.000,
ESTAT:TEN00126(1.0),19/01/22 11:00:00,A,FC_TRA_E,R5290,KTOE,HR,2017,0.000,
ESTAT:TEN00126(1.0),19/01/22 11:00:00,A,FC_TRA_E,R5290,KTOE,HR,2018,0.000,
ESTAT:TEN00126(1.0),19/01/22 11:00:00,A,FC_TRA_E,R5290,KTOE,HR,2019,0.000,
ESTAT:TEN00126(1.0),19/01/22 11:00:00,A,FC_TRA_E,R5290,KTOE,HR,2020,0.000,
ESTAT:TEN00126(1.0),19/01/22 11:00:00,A,FC_TRA_E,R5290,KTOE,HU,2009,0.000,
ESTAT:TEN00126(1.0),19/01/22 11:00:00,A,FC_TRA_E,R5290,KTOE,HU,2010,0.000,
ESTAT:TEN00126(1.0),19/01/22 11:00:00,A,FC_TRA_E,R5290,KTOE,HU,2011,0.000,
ESTAT:TEN00126(1.0),19/01/22 11:00:00,A,FC_TRA_E,R5290,KTOE,HU,2012,0.000,
ESTAT:TEN00126(1.0),19/01/22 11:00:00,A,FC_TRA_E,R5290,KTOE,HU,2013,0.000,
ESTAT:TEN00126(1.0),19/01/22 11:00:00,A,FC_TRA_E,R5290,KTOE,HU,2014,0.000,
ESTAT:TEN00126(1.0),19/01/22 11:00:00,A,FC_TRA_E,R5290,KTOE,HU,2015,0.000,
ESTAT:TEN00126(1.0),19/01/22 11:00:00,A,FC_TRA_E,R5290,KTOE,HU,2016,0.000,
ESTAT:TEN00126(1.0),19/01/22 11:00:00,A,FC_TRA_E,R5290,KTOE,HU,2017,0.000,
ESTAT:TEN00126(1.0),19/01/22 11:00:00,A,FC_TRA_E,R5290,KTOE,HU,2018,0.000,
ESTAT:TEN00126(1.0),19/01/22 11:00:00,A,FC_TRA_E,R5290,KTOE,HU,2019,0.000,
ESTAT:TEN00126(1.0),19/01/22 11:00:00,A,FC_TRA_E,R5290,KTOE,HU,2020,0.000,
ESTAT:TEN00126(1.0),19/01/22 11:00:00,A,FC_TRA_E,R5290,KTOE,IE,2009,0.000,
ESTAT:TEN00126(1.0),19/01/22 11:00:00,A,FC_TRA_E,R5290,KTOE,IE,2010,0.000,
ESTAT:TEN00126(1.0),19/01/22 11:00:00,A,FC_TRA_E,R5290,KTOE,IE,2011,0.000,
ESTAT:TEN00126(1.0),19/01/22 11:00:00,A,FC_TRA_E,R5290,KTOE,IE,2012,0.000,
ESTAT:TEN00126(1.0),19/01/22 11:00:00,A,FC_TRA_E,R5290,KTOE,IE,2013,0.000,
ESTAT:TEN00126(1.0),19/01/22 11:00:00,A,FC_TRA_E,R5290,KTOE,IE,2014,0.000,
ESTAT:TEN00126(1.0),19/01/22 11:00:00,A,FC_TRA_E,R5290,KTOE,IE,2015,0.000,
ESTAT:TEN00126(1.0),19/01/22 11:00:00,A,FC_TRA_E,R5290,KTOE,IE,2016,0.000,
ESTAT:TEN00126(1.0),19/01/22 11:00:00,A,FC_TRA_E,R5290,KTOE,IE,2017,0.000,
ESTAT:TEN00126(1.0),19/01/22 11:00:00,A,FC_TRA_E,R5290,KTOE,IE,2018,0.000,
ESTAT:TEN00126(1.0),19/01/22 11:00:00,A,FC_TRA_E,R5290,KTOE,IE,2019,0.000,
ESTAT:TEN00126(1.0),19/01/22 11:00:00,A,FC_TRA_E,R5290,KTOE,IE,2020,0.000,
ESTAT:TEN00126(1.0),19/01/22 11:00:00,A,FC_TRA_E,R5290,KTOE,IS,2009,0.000,
ESTAT:TEN00126(1.0),19/01/22 11:00:00,A,FC_TRA_E,R5290,KTOE,IS,2010,0.000,
ESTAT:TEN00126(1.0),19/01/22 11:00:00,A,FC_TRA_E,R5290,KTOE,IS,2011,0.000,
ESTAT:TEN00126(1.0),19/01/22 11:00:00,A,FC_TRA_E,R5290,KTOE,IS,2012,0.000,
ESTAT:TEN00126(1.0),19/01/22 11:00:00,A,FC_TRA_E,R5290,KTOE,IS,2013,0.000,
ESTAT:TEN00126(1.0),19/01/22 11:00:00,A,FC_TRA_E,R5290,KTOE,IS,2014,0.000,
ESTAT:TEN00126(1.0),19/01/22 11:00:00,A,FC_TRA_E,R5290,KTOE,IS,2015,0.000,
ESTAT:TEN00126(1.0),19/01/22 11:00:00,A,FC_TRA_E,R5290,KTOE,IS,2016,0.000,
ESTAT:TEN00126(1.0),19/01/22 11:00:00,A,FC_TRA_E,R5290,KTOE,IS,2017,0.000,
ESTAT:TEN00126(1.0),19/01/22 11:00:00,A,FC_TRA_E,R5290,KTOE,IS,2018,0.000,
ESTAT:TEN00126(1.0),19/01/22 11:00:00,A,FC_TRA_E,R5290,KTOE,IS,2019,0.000,
ESTAT:TEN00126(1.0),19/01/22 11:00:00,A,FC_TRA_E,R5290,KTOE,IS,2020,0.000,
ESTAT:TEN00126(1.0),19/01/22 11:00:00,A,FC_TRA_E,R5290,KTOE,IT,2009,0.000,
ESTAT:TEN00126(1.0),19/01/22 11:00:00,A,FC_TRA_E,R5290,KTOE,IT,2010,0.000,
ESTAT:TEN00126(1.0),19/01/22 11:00:00,A,FC_TRA_E,R5290,KTOE,IT,2011,0.000,
ESTAT:TEN00126(1.0),19/01/22 11:00:00,A,FC_TRA_E,R5290,KTOE,IT,2012,0.000,
ESTAT:TEN00126(1.0),19/01/22 11:00:00,A,FC_TRA_E,R5290,KTOE,IT,2013,0.000,
ESTAT:TEN00126(1.0),19/01/22 11:00:00,A,FC_TRA_E,R5290,KTOE,IT,2014,0.000,
ESTAT:TEN00126(1.0),19/01/22 11:00:00,A,FC_TRA_E,R5290,KTOE,IT,2015,0.000,
ESTAT:TEN00126(1.0),19/01/22 11:00:00,A,FC_TRA_E,R5290,KTOE,IT,2016,0.000,
ESTAT:TEN00126(1.0),19/01/22 11:00:00,A,FC_TRA_E,R5290,KTOE,IT,2017,0.000,
ESTAT:TEN00126(1.0),19/01/22 11:00:00,A,FC_TRA_E,R5290,KTOE,IT,2018,0.000,
ESTAT:TEN00126(1.0),19/01/22 11:00:00,A,FC_TRA_E,R5290,KTOE,IT,2019,0.000,
ESTAT:TEN00126(1.0),19/01/22 11:00:00,A,FC_TRA_E,R5290,KTOE,IT,2020,0.000,
ESTAT:TEN00126(1.0),19/01/22 11:00:00,A,FC_TRA_E,R5290,KTOE,LT,2009,0.000,
ESTAT:TEN00126(1.0),19/01/22 11:00:00,A,FC_TRA_E,R5290,KTOE,LT,2010,0.000,
ESTAT:TEN00126(1.0),19/01/22 11:00:00,A,FC_TRA_E,R5290,KTOE,LT,2011,0.000,
ESTAT:TEN00126(1.0),19/01/22 11:00:00,A,FC_TRA_E,R5290,KTOE,LT,2012,0.000,
ESTAT:TEN00126(1.0),19/01/22 11:00:00,A,FC_TRA_E,R5290,KTOE,LT,2013,0.000,
ESTAT:TEN00126(1.0),19/01/22 11:00:00,A,FC_TRA_E,R5290,KTOE,LT,2014,0.000,
ESTAT:TEN00126(1.0),19/01/22 11:00:00,A,FC_TRA_E,R5290,KTOE,LT,2015,0.000,
ESTAT:TEN00126(1.0),19/01/22 11:00:00,A,FC_TRA_E,R5290,KTOE,LT,2016,0.000,
ESTAT:TEN00126(1.0),19/01/22 11:00:00,A,FC_TRA_E,R5290,KTOE,LT,2017,0.000,
ESTAT:TEN00126(1.0),19/01/22 11:00:00,A,FC_TRA_E,R5290,KTOE,LT,2018,0.000,
ESTAT:TEN00126(1.0),19/01/22 11:00:00,A,FC_TRA_E,R5290,KTOE,LT,2019,0.000,
ESTAT:TEN00126(1.0),19/01/22 11:00:00,A,FC_TRA_E,R5290,KTOE,LT,2020,0.000,
ESTAT:TEN00126(1.0),19/01/22 11:00:00,A,FC_TRA_E,R5290,KTOE,LU,2009,0.559,
ESTAT:TEN00126(1.0),19/01/22 11:00:00,A,FC_TRA_E,R5290,KTOE,LU,2010,0.364,
ESTAT:TEN00126(1.0),19/01/22 11:00:00,A,FC_TRA_E,R5290,KTOE,LU,2011,0.177,
ESTAT:TEN00126(1.0),19/01/22 11:00:00,A,FC_TRA_E,R5290,KTOE,LU,2012,0.220,
ESTAT:TEN00126(1.0),19/01/22 11:00:00,A,FC_TRA_E,R5290,KTOE,LU,2013,0.169,
ESTAT:TEN00126(1.0),19/01/22 11:00:00,A,FC_TRA_E,R5290,KTOE,LU,2014,0.126,
ESTAT:TEN00126(1.0),19/01/22 11:00:00,A,FC_TRA_E,R5290,KTOE,LU,2015,0.058,
ESTAT:TEN00126(1.0),19/01/22 11:00:00,A,FC_TRA_E,R5290,KTOE,LU,2016,0.051,
ESTAT:TEN00126(1.0),19/01/22 11:00:00,A,FC_TRA_E,R5290,KTOE,LU,2017,0.039,
ESTAT:TEN00126(1.0),19/01/22 11:00:00,A,FC_TRA_E,R5290,KTOE,LU,2018,0.019,
ESTAT:TEN00126(1.0),19/01/22 11:00:00,A,FC_TRA_E,R5290,KTOE,LU,2019,0.019,
ESTAT:TEN00126(1.0),19/01/22 11:00:00,A,FC_TRA_E,R5290,KTOE,LU,2020,0.022,
ESTAT:TEN00126(1.0),19/01/22 11:00:00,A,FC_TRA_E,R5290,KTOE,LV,2009,0.000,
ESTAT:TEN00126(1.0),19/01/22 11:00:00,A,FC_TRA_E,R5290,KTOE,LV,2010,0.000,
ESTAT:TEN00126(1.0),19/01/22 11:00:00,A,FC_TRA_E,R5290,KTOE,LV,2011,0.000,
ESTAT:TEN00126(1.0),19/01/22 11:00:00,A,FC_TRA_E,R5290,KTOE,LV,2012,0.000,
ESTAT:TEN00126(1.0),19/01/22 11:00:00,A,FC_TRA_E,R5290,KTOE,LV,2013,0.000,
ESTAT:TEN00126(1.0),19/01/22 11:00:00,A,FC_TRA_E,R5290,KTOE,LV,2014,0.000,
ESTAT:TEN00126(1.0),19/01/22 11:00:00,A,FC_TRA_E,R5290,KTOE,LV,2015,0.000,
ESTAT:TEN00126(1.0),19/01/22 11:00:00,A,FC_TRA_E,R5290,KTOE,LV,2016,0.000,
ESTAT:TEN00126(1.0),19/01/22 11:00:00,A,FC_TRA_E,R5290,KTOE,LV,2017,0.000,
ESTAT:TEN00126(1.0),19/01/22 11:00:00,A,FC_TRA_E,R5290,KTOE,LV,2018,0.000,
ESTAT:TEN00126(1.0),19/01/22 11:00:00,A,FC_TRA_E,R5290,KTOE,LV,2019,0.000,
ESTAT:TEN00126(1.0),19/01/22 11:00:00,A,FC_TRA_E,R5290,KTOE,LV,2020,0.000,
ESTAT:TEN00126(1.0),19/01/22 11:00:00,A,FC_TRA_E,R5290,KTOE,MD,2010,0.000,
ESTAT:TEN00126(1.0),19/01/22 11:00:00,A,FC_TRA_E,R5290,KTOE,MD,2011,0.000,
ESTAT:TEN00126(1.0),19/01/22 11:00:00,A,FC_TRA_E,R5290,KTOE,MD,2012,0.000,
ESTAT:TEN00126(1.0),19/01/22 11:00:00,A,FC_TRA_E,R5290,KTOE,MD,2013,0.000,
ESTAT:TEN00126(1.0),19/01/22 11:00:00,A,FC_TRA_E,R5290,KTOE,MD,2014,0.000,
ESTAT:TEN00126(1.0),19/01/22 11:00:00,A,FC_TRA_E,R5290,KTOE,MD,2015,0.000,
ESTAT:TEN00126(1.0),19/01/22 11:00:00,A,FC_TRA_E,R5290,KTOE,MD,2016,0.000,
ESTAT:TEN00126(1.0),19/01/22 11:00:00,A,FC_TRA_E,R5290,KTOE,MD,2017,0.000,
ESTAT:TEN00126(1.0),19/01/22 11:00:00,A,FC_TRA_E,R5290,KTOE,MD,2018,0.000,
ESTAT:TEN00126(1.0),19/01/22 11:00:00,A,FC_TRA_E,R5290,KTOE,MD,2019,0.000,
ESTAT:TEN00126(1.0),19/01/22 11:00:00,A,FC_TRA_E,R5290,KTOE,MD,2020,0.000,
ESTAT:TEN00126(1.0),19/01/22 11:00:00,A,FC_TRA_E,R5290,KTOE,ME,2009,0.000,
ESTAT:TEN00126(1.0),19/01/22 11:00:00,A,FC_TRA_E,R5290,KTOE,ME,2010,0.000,
ESTAT:TEN00126(1.0),19/01/22 11:00:00,A,FC_TRA_E,R5290,KTOE,ME,2011,0.000,
ESTAT:TEN00126(1.0),19/01/22 11:00:00,A,FC_TRA_E,R5290,KTOE,ME,2012,0.000,
ESTAT:TEN00126(1.0),19/01/22 11:00:00,A,FC_TRA_E,R5290,KTOE,ME,2013,0.000,
ESTAT:TEN00126(1.0),19/01/22 11:00:00,A,FC_TRA_E,R5290,KTOE,ME,2014,0.000,
ESTAT:TEN00126(1.0),19/01/22 11:00:00,A,FC_TRA_E,R5290,KTOE,ME,2015,0.000,
ESTAT:TEN00126(1.0),19/01/22 11:00:00,A,FC_TRA_E,R5290,KTOE,ME,2016,0.000,
ESTAT:TEN00126(1.0),19/01/22 11:00:00,A,FC_TRA_E,R5290,KTOE,ME,2017,0.000,
ESTAT:TEN00126(1.0),19/01/22 11:00:00,A,FC_TRA_E,R5290,KTOE,ME,2018,0.000,
ESTAT:TEN00126(1.0),19/01/22 11:00:00,A,FC_TRA_E,R5290,KTOE,ME,2019,0.000,
ESTAT:TEN00126(1.0),19/01/22 11:00:00,A,FC_TRA_E,R5290,KTOE,ME,2020,0.000,
ESTAT:TEN00126(1.0),19/01/22 11:00:00,A,FC_TRA_E,R5290,KTOE,MK,2009,0.000,
ESTAT:TEN00126(1.0),19/01/22 11:00:00,A,FC_TRA_E,R5290,KTOE,MK,2010,0.000,
ESTAT:TEN00126(1.0),19/01/22 11:00:00,A,FC_TRA_E,R5290,KTOE,MK,2011,0.000,
ESTAT:TEN00126(1.0),19/01/22 11:00:00,A,FC_TRA_E,R5290,KTOE,MK,2012,0.000,
ESTAT:TEN00126(1.0),19/01/22 11:00:00,A,FC_TRA_E,R5290,KTOE,MK,2013,0.000,
ESTAT:TEN00126(1.0),19/01/22 11:00:00,A,FC_TRA_E,R5290,KTOE,MK,2014,0.000,
ESTAT:TEN00126(1.0),19/01/22 11:00:00,A,FC_TRA_E,R5290,KTOE,MK,2015,0.000,
ESTAT:TEN00126(1.0),19/01/22 11:00:00,A,FC_TRA_E,R5290,KTOE,MK,2016,0.000,
ESTAT:TEN00126(1.0),19/01/22 11:00:00,A,FC_TRA_E,R5290,KTOE,MK,2017,0.000,
ESTAT:TEN00126(1.0),19/01/22 11:00:00,A,FC_TRA_E,R5290,KTOE,MK,2018,0.000,
ESTAT:TEN00126(1.0),19/01/22 11:00:00,A,FC_TRA_E,R5290,KTOE,MK,2019,0.000,
ESTAT:TEN00126(1.0),19/01/22 11:00:00,A,FC_TRA_E,R5290,KTOE,MK,2020,0.000,
ESTAT:TEN00126(1.0),19/01/22 11:00:00,A,FC_TRA_E,R5290,KTOE,MT,2009,0.000,
ESTAT:TEN00126(1.0),19/01/22 11:00:00,A,FC_TRA_E,R5290,KTOE,MT,2010,0.000,
ESTAT:TEN00126(1.0),19/01/22 11:00:00,A,FC_TRA_E,R5290,KTOE,MT,2011,0.000,
ESTAT:TEN00126(1.0),19/01/22 11:00:00,A,FC_TRA_E,R5290,KTOE,MT,2012,0.000,
ESTAT:TEN00126(1.0),19/01/22 11:00:00,A,FC_TRA_E,R5290,KTOE,MT,2013,0.000,
ESTAT:TEN00126(1.0),19/01/22 11:00:00,A,FC_TRA_E,R5290,KTOE,MT,2014,0.000,
ESTAT:TEN00126(1.0),19/01/22 11:00:00,A,FC_TRA_E,R5290,KTOE,MT,2015,0.000,
ESTAT:TEN00126(1.0),19/01/22 11:00:00,A,FC_TRA_E,R5290,KTOE,MT,2016,0.000,
ESTAT:TEN00126(1.0),19/01/22 11:00:00,A,FC_TRA_E,R5290,KTOE,MT,2017,0.000,
ESTAT:TEN00126(1.0),19/01/22 11:00:00,A,FC_TRA_E,R5290,KTOE,MT,2018,0.000,
ESTAT:TEN00126(1.0),19/01/22 11:00:00,A,FC_TRA_E,R5290,KTOE,MT,2019,0.000,
ESTAT:TEN00126(1.0),19/01/22 11:00:00,A,FC_TRA_E,R5290,KTOE,MT,2020,0.000,
ESTAT:TEN00126(1.0),19/01/22 11:00:00,A,FC_TRA_E,R5290,KTOE,NL,2009,0.000,
ESTAT:TEN00126(1.0),19/01/22 11:00:00,A,FC_TRA_E,R5290,KTOE,NL,2010,0.000,
ESTAT:TEN00126(1.0),19/01/22 11:00:00,A,FC_TRA_E,R5290,KTOE,NL,2011,0.000,
ESTAT:TEN00126(1.0),19/01/22 11:00:00,A,FC_TRA_E,R5290,KTOE,NL,2012,0.000,
ESTAT:TEN00126(1.0),19/01/22 11:00:00,A,FC_TRA_E,R5290,KTOE,NL,2013,0.000,
ESTAT:TEN00126(1.0),19/01/22 11:00:00,A,FC_TRA_E,R5290,KTOE,NL,2014,0.000,
ESTAT:TEN00126(1.0),19/01/22 11:00:00,A,FC_TRA_E,R5290,KTOE,NL,2015,0.000,
ESTAT:TEN00126(1.0),19/01/22 11:00:00,A,FC_TRA_E,R5290,KTOE,NL,2016,0.000,
ESTAT:TEN00126(1.0),19/01/22 11:00:00,A,FC_TRA_E,R5290,KTOE,NL,2017,0.000,
ESTAT:TEN00126(1.0),19/01/22 11:00:00,A,FC_TRA_E,R5290,KTOE,NL,2018,0.000,
ESTAT:TEN00126(1.0),19/01/22 11:00:00,A,FC_TRA_E,R5290,KTOE,NL,2019,0.000,
ESTAT:TEN00126(1.0),19/01/22 11:00:00,A,FC_TRA_E,R5290,KTOE,NL,2020,0.000,
ESTAT:TEN00126(1.0),19/01/22 11:00:00,A,FC_TRA_E,R5290,KTOE,NO,2009,1.971,
ESTAT:TEN00126(1.0),19/01/22 11:00:00,A,FC_TRA_E,R5290,KTOE,NO,2010,0.000,
ESTAT:TEN00126(1.0),19/01/22 11:00:00,A,FC_TRA_E,R5290,KTOE,NO,2011,0.000,
ESTAT:TEN00126(1.0),19/01/22 11:00:00,A,FC_TRA_E,R5290,KTOE,NO,2012,0.000,
ESTAT:TEN00126(1.0),19/01/22 11:00:00,A,FC_TRA_E,R5290,KTOE,NO,2013,0.000,
ESTAT:TEN00126(1.0),19/01/22 11:00:00,A,FC_TRA_E,R5290,KTOE,NO,2014,0.000,
ESTAT:TEN00126(1.0),19/01/22 11:00:00,A,FC_TRA_E,R5290,KTOE,NO,2015,0.000,
ESTAT:TEN00126(1.0),19/01/22 11:00:00,A,FC_TRA_E,R5290,KTOE,NO,2016,0.000,
ESTAT:TEN00126(1.0),19/01/22 11:00:00,A,FC_TRA_E,R5290,KTOE,NO,2017,0.000,
ESTAT:TEN00126(1.0),19/01/22 11:00:00,A,FC_TRA_E,R5290,KTOE,NO,2018,0.000,
ESTAT:TEN00126(1.0),19/01/22 11:00:00,A,FC_TRA_E,R5290,KTOE,NO,2019,0.000,
ESTAT:TEN00126(1.0),19/01/22 11:00:00,A,FC_TRA_E,R5290,KTOE,NO,2020,0.000,
ESTAT:TEN00126(1.0),19/01/22 11:00:00,A,FC_TRA_E,R5290,KTOE,PL,2009,0.000,
ESTAT:TEN00126(1.0),19/01/22 11:00:00,A,FC_TRA_E,R5290,KTOE,PL,2010,0.000,
ESTAT:TEN00126(1.0),19/01/22 11:00:00,A,FC_TRA_E,R5290,KTOE,PL,2011,0.000,
ESTAT:TEN00126(1.0),19/01/22 11:00:00,A,FC_TRA_E,R5290,KTOE,PL,2012,0.000,
ESTAT:TEN00126(1.0),19/01/22 11:00:00,A,FC_TRA_E,R5290,KTOE,PL,2013,0.000,
ESTAT:TEN00126(1.0),19/01/22 11:00:00,A,FC_TRA_E,R5290,KTOE,PL,2014,0.000,
ESTAT:TEN00126(1.0),19/01/22 11:00:00,A,FC_TRA_E,R5290,KTOE,PL,2015,0.000,
ESTAT:TEN00126(1.0),19/01/22 11:00:00,A,FC_TRA_E,R5290,KTOE,PL,2016,0.000,
ESTAT:TEN00126(1.0),19/01/22 11:00:00,A,FC_TRA_E,R5290,KTOE,PL,2017,0.000,
ESTAT:TEN00126(1.0),19/01/22 11:00:00,A,FC_TRA_E,R5290,KTOE,PL,2018,0.000,
ESTAT:TEN00126(1.0),19/01/22 11:00:00,A,FC_TRA_E,R5290,KTOE,PL,2019,0.000,
ESTAT:TEN00126(1.0),19/01/22 11:00:00,A,FC_TRA_E,R5290,KTOE,PL,2020,0.000,
ESTAT:TEN00126(1.0),19/01/22 11:00:00,A,FC_TRA_E,R5290,KTOE,PT,2009,3.954,
ESTAT:TEN00126(1.0),19/01/22 11:00:00,A,FC_TRA_E,R5290,KTOE,PT,2010,4.244,
ESTAT:TEN00126(1.0),19/01/22 11:00:00,A,FC_TRA_E,R5290,KTOE,PT,2011,4.096,
ESTAT:TEN00126(1.0),19/01/22 11:00:00,A,FC_TRA_E,R5290,KTOE,PT,2012,4.178,
ESTAT:TEN00126(1.0),19/01/22 11:00:00,A,FC_TRA_E,R5290,KTOE,PT,2013,3.970,
ESTAT:TEN00126(1.0),19/01/22 11:00:00,A,FC_TRA_E,R5290,KTOE,PT,2014,4.715,
ESTAT:TEN00126(1.0),19/01/22 11:00:00,A,FC_TRA_E,R5290,KTOE,PT,2015,3.226,
ESTAT:TEN00126(1.0),19/01/22 11:00:00,A,FC_TRA_E,R5290,KTOE,PT,2016,2.227,
ESTAT:TEN00126(1.0),19/01/22 11:00:00,A,FC_TRA_E,R5290,KTOE,PT,2017,0.000,
ESTAT:TEN00126(1.0),19/01/22 11:00:00,A,FC_TRA_E,R5290,KTOE,PT,2018,0.000,
ESTAT:TEN00126(1.0),19/01/22 11:00:00,A,FC_TRA_E,R5290,KTOE,PT,2019,0.000,
ESTAT:TEN00126(1.0),19/01/22 11:00:00,A,FC_TRA_E,R5290,KTOE,PT,2020,0.000,
ESTAT:TEN00126(1.0),19/01/22 11:00:00,A,FC_TRA_E,R5290,KTOE,RO,2009,0.000,
ESTAT:TEN00126(1.0),19/01/22 11:00:00,A,FC_TRA_E,R5290,KTOE,RO,2010,0.000,
ESTAT:TEN00126(1.0),19/01/22 11:00:00,A,FC_TRA_E,R5290,KTOE,RO,2011,0.000,
ESTAT:TEN00126(1.0),19/01/22 11:00:00,A,FC_TRA_E,R5290,KTOE,RO,2012,0.000,
ESTAT:TEN00126(1.0),19/01/22 11:00:00,A,FC_TRA_E,R5290,KTOE,RO,2013,0.000,
ESTAT:TEN00126(1.0),19/01/22 11:00:00,A,FC_TRA_E,R5290,KTOE,RO,2014,0.000,
ESTAT:TEN00126(1.0),19/01/22 11:00:00,A,FC_TRA_E,R5290,KTOE,RO,2015,0.000,
ESTAT:TEN00126(1.0),19/01/22 11:00:00,A,FC_TRA_E,R5290,KTOE,RO,2016,0.000,
ESTAT:TEN00126(1.0),19/01/22 11:00:00,A,FC_TRA_E,R5290,KTOE,RO,2017,0.000,
ESTAT:TEN00126(1.0),19/01/22 11:00:00,A,FC_TRA_E,R5290,KTOE,RO,2018,0.000,
ESTAT:TEN00126(1.0),19/01/22 11:00:00,A,FC_TRA_E,R5290,KTOE,RO,2019,0.000,
ESTAT:TEN00126(1.0),19/01/22 11:00:00,A,FC_TRA_E,R5290,KTOE,RO,2020,0.000,
ESTAT:TEN00126(1.0),19/01/22 11:00:00,A,FC_TRA_E,R5290,KTOE,RS,2009,0.000,
ESTAT:TEN00126(1.0),19/01/22 11:00:00,A,FC_TRA_E,R5290,KTOE,RS,2010,0.000,
ESTAT:TEN00126(1.0),19/01/22 11:00:00,A,FC_TRA_E,R5290,KTOE,RS,2011,0.000,
ESTAT:TEN00126(1.0),19/01/22 11:00:00,A,FC_TRA_E,R5290,KTOE,RS,2012,0.000,
ESTAT:TEN00126(1.0),19/01/22 11:00:00,A,FC_TRA_E,R5290,KTOE,RS,2013,0.000,
ESTAT:TEN00126(1.0),19/01/22 11:00:00,A,FC_TRA_E,R5290,KTOE,RS,2014,0.000,
ESTAT:TEN00126(1.0),19/01/22 11:00:00,A,FC_TRA_E,R5290,KTOE,RS,2015,0.000,
ESTAT:TEN00126(1.0),19/01/22 11:00:00,A,FC_TRA_E,R5290,KTOE,RS,2016,0.000,
ESTAT:TEN00126(1.0),19/01/22 11:00:00,A,FC_TRA_E,R5290,KTOE,RS,2017,0.000,
ESTAT:TEN00126(1.0),19/01/22 11:00:00,A,FC_TRA_E,R5290,KTOE,RS,2018,0.000,
ESTAT:TEN00126(1.0),19/01/22 11:00:00,A,FC_TRA_E,R5290,KTOE,RS,2019,0.000,
ESTAT:TEN00126(1.0),19/01/22 11:00:00,A,FC_TRA_E,R5290,KTOE,RS,2020,0.000,
ESTAT:TEN00126(1.0),19/01/22 11:00:00,A,FC_TRA_E,R5290,KTOE,SE,2009,0.000,
ESTAT:TEN00126(1.0),19/01/22 11:00:00,A,FC_TRA_E,R5290,KTOE,SE,2010,0.000,
ESTAT:TEN00126(1.0),19/01/22 11:00:00,A,FC_TRA_E,R5290,KTOE,SE,2011,0.000,
ESTAT:TEN00126(1.0),19/01/22 11:00:00,A,FC_TRA_E,R5290,KTOE,SE,2012,0.000,
ESTAT:TEN00126(1.0),19/01/22 11:00:00,A,FC_TRA_E,R5290,KTOE,SE,2013,0.000,
ESTAT:TEN00126(1.0),19/01/22 11:00:00,A,FC_TRA_E,R5290,KTOE,SE,2014,0.000,
ESTAT:TEN00126(1.0),19/01/22 11:00:00,A,FC_TRA_E,R5290,KTOE,SE,2015,0.000,
ESTAT:TEN00126(1.0),19/01/22 11:00:00,A,FC_TRA_E,R5290,KTOE,SE,2016,0.000,
ESTAT:TEN00126(1.0),19/01/22 11:00:00,A,FC_TRA_E,R5290,KTOE,SE,2017,0.000,
ESTAT:TEN00126(1.0),19/01/22 11:00:00,A,FC_TRA_E,R5290,KTOE,SE,2018,0.000,
ESTAT:TEN00126(1.0),19/01/22 11:00:00,A,FC_TRA_E,R5290,KTOE,SE,2019,0.000,
ESTAT:TEN00126(1.0),19/01/22 11:00:00,A,FC_TRA_E,R5290,KTOE,SE,2020,0.000,
ESTAT:TEN00126(1.0),19/01/22 11:00:00,A,FC_TRA_E,R5290,KTOE,SI,2009,0.000,
ESTAT:TEN00126(1.0),19/01/22 11:00:00,A,FC_TRA_E,R5290,KTOE,SI,2010,0.000,
ESTAT:TEN00126(1.0),19/01/22 11:00:00,A,FC_TRA_E,R5290,KTOE,SI,2011,0.000,
ESTAT:TEN00126(1.0),19/01/22 11:00:00,A,FC_TRA_E,R5290,KTOE,SI,2012,0.000,
ESTAT:TEN00126(1.0),19/01/22 11:00:00,A,FC_TRA_E,R5290,KTOE,SI,2013,0.000,
ESTAT:TEN00126(1.0),19/01/22 11:00:00,A,FC_TRA_E,R5290,KTOE,SI,2014,0.000,
ESTAT:TEN00126(1.0),19/01/22 11:00:00,A,FC_TRA_E,R5290,KTOE,SI,2015,0.000,
ESTAT:TEN00126(1.0),19/01/22 11:00:00,A,FC_TRA_E,R5290,KTOE,SI,2016,0.000,
ESTAT:TEN00126(1.0),19/01/22 11:00:00,A,FC_TRA_E,R5290,KTOE,SI,2017,0.000,
ESTAT:TEN00126(1.0),19/01/22 11:00:00,A,FC_TRA_E,R5290,KTOE,SI,2018,0.000,
ESTAT:TEN00126(1.0),19/01/22 11:00:00,A,FC_TRA_E,R5290,KTOE,SI,2019,0.000,
ESTAT:TEN00126(1.0),19/01/22 11:00:00,A,FC_TRA_E,R5290,KTOE,SI,2020,0.000,
ESTAT:TEN00126(1.0),19/01/22 11:00:00,A,FC_TRA_E,R5290,KTOE,SK,2009,0.000,
ESTAT:TEN00126(1.0),19/01/22 11:00:00,A,FC_TRA_E,R5290,KTOE,SK,2010,0.000,
ESTAT:TEN00126(1.0),19/01/22 11:00:00,A,FC_TRA_E,R5290,KTOE,SK,2011,0.000,
ESTAT:TEN00126(1.0),19/01/22 11:00:00,A,FC_TRA_E,R5290,KTOE,SK,2012,0.000,
ESTAT:TEN00126(1.0),19/01/22 11:00:00,A,FC_TRA_E,R5290,KTOE,SK,2013,0.000,
ESTAT:TEN00126(1.0),19/01/22 11:00:00,A,FC_TRA_E,R5290,KTOE,SK,2014,0.000,
ESTAT:TEN00126(1.0),19/01/22 11:00:00,A,FC_TRA_E,R5290,KTOE,SK,2015,0.000,
ESTAT:TEN00126(1.0),19/01/22 11:00:00,A,FC_TRA_E,R5290,KTOE,SK,2016,0.000,
ESTAT:TEN00126(1.0),19/01/22 11:00:00,A,FC_TRA_E,R5290,KTOE,SK,2017,0.000,
ESTAT:TEN00126(1.0),19/01/22 11:00:00,A,FC_TRA_E,R5290,KTOE,SK,2018,0.000,
ESTAT:TEN00126(1.0),19/01/22 11:00:00,A,FC_TRA_E,R5290,KTOE,SK,2019,0.000,
ESTAT:TEN00126(1.0),19/01/22 11:00:00,A,FC_TRA_E,R5290,KTOE,SK,2020,0.000,
ESTAT:TEN00126(1.0),19/01/22 11:00:00,A,FC_TRA_E,R5290,KTOE,TR,2009,0.000,
ESTAT:TEN00126(1.0),19/01/22 11:00:00,A,FC_TRA_E,R5290,KTOE,TR,2010,0.000,
ESTAT:TEN00126(1.0),19/01/22 11:00:00,A,FC_TRA_E,R5290,KTOE,TR,2011,0.000,
ESTAT:TEN00126(1.0),19/01/22 11:00:00,A,FC_TRA_E,R5290,KTOE,TR,2012,0.000,
ESTAT:TEN00126(1.0),19/01/22 11:00:00,A,FC_TRA_E,R5290,KTOE,TR,2013,0.000,
ESTAT:TEN00126(1.0),19/01/22 11:00:00,A,FC_TRA_E,R5290,KTOE,TR,2014,0.000,
ESTAT:TEN00126(1.0),19/01/22 11:00:00,A,FC_TRA_E,R5290,KTOE,TR,2015,0.000,
ESTAT:TEN00126(1.0),19/01/22 11:00:00,A,FC_TRA_E,R5290,KTOE,TR,2016,0.000,
ESTAT:TEN00126(1.0),19/01/22 11:00:00,A,FC_TRA_E,R5290,KTOE,TR,2017,0.000,
ESTAT:TEN00126(1.0),19/01/22 11:00:00,A,FC_TRA_E,R5290,KTOE,TR,2018,0.000,
ESTAT:TEN00126(1.0),19/01/22 11:00:00,A,FC_TRA_E,R5290,KTOE,TR,2019,0.000,
ESTAT:TEN00126(1.0),19/01/22 11:00:00,A,FC_TRA_E,R5290,KTOE,TR,2020,0.000,
ESTAT:TEN00126(1.0),19/01/22 11:00:00,A,FC_TRA_E,R5290,KTOE,UA,2009,0.000,
ESTAT:TEN00126(1.0),19/01/22 11:00:00,A,FC_TRA_E,R5290,KTOE,UA,2010,0.000,
ESTAT:TEN00126(1.0),19/01/22 11:00:00,A,FC_TRA_E,R5290,KTOE,UA,2011,0.000,
ESTAT:TEN00126(1.0),19/01/22 11:00:00,A,FC_TRA_E,R5290,KTOE,UA,2012,0.000,
ESTAT:TEN00126(1.0),19/01/22 11:00:00,A,FC_TRA_E,R5290,KTOE,UA,2013,0.000,
ESTAT:TEN00126(1.0),19/01/22 11:00:00,A,FC_TRA_E,R5290,KTOE,UA,2014,0.000,
ESTAT:TEN00126(1.0),19/01/22 11:00:00,A,FC_TRA_E,R5290,KTOE,UA,2015,0.000,
ESTAT:TEN00126(1.0),19/01/22 11:00:00,A,FC_TRA_E,R5290,KTOE,UA,2016,0.000,
ESTAT:TEN00126(1.0),19/01/22 11:00:00,A,FC_TRA_E,R5290,KTOE,UA,2017,0.000,
ESTAT:TEN00126(1.0),19/01/22 11:00:00,A,FC_TRA_E,R5290,KTOE,UA,2018,0.000,
ESTAT:TEN00126(1.0),19/01/22 11:00:00,A,FC_TRA_E,R5290,KTOE,UA,2019,0.000,
ESTAT:TEN00126(1.0),19/01/22 11:00:00,A,FC_TRA_E,R5290,KTOE,UA,2020,0.000,
ESTAT:TEN00126(1.0),19/01/22 11:00:00,A,FC_TRA_E,R5290,KTOE,UK,2009,0.000,
ESTAT:TEN00126(1.0),19/01/22 11:00:00,A,FC_TRA_E,R5290,KTOE,UK,2010,0.000,
ESTAT:TEN00126(1.0),19/01/22 11:00:00,A,FC_TRA_E,R5290,KTOE,UK,2011,0.000,
ESTAT:TEN00126(1.0),19/01/22 11:00:00,A,FC_TRA_E,R5290,KTOE,UK,2012,0.000,
ESTAT:TEN00126(1.0),19/01/22 11:00:00,A,FC_TRA_E,R5290,KTOE,UK,2013,0.000,
ESTAT:TEN00126(1.0),19/01/22 11:00:00,A,FC_TRA_E,R5290,KTOE,UK,2014,0.000,
ESTAT:TEN00126(1.0),19/01/22 11:00:00,A,FC_TRA_E,R5290,KTOE,UK,2015,0.000,
ESTAT:TEN00126(1.0),19/01/22 11:00:00,A,FC_TRA_E,R5290,KTOE,UK,2016,0.000,
ESTAT:TEN00126(1.0),19/01/22 11:00:00,A,FC_TRA_E,R5290,KTOE,UK,2017,0.000,
ESTAT:TEN00126(1.0),19/01/22 11:00:00,A,FC_TRA_E,R5290,KTOE,UK,2018,0.000,
ESTAT:TEN00126(1.0),19/01/22 11:00:00,A,FC_TRA_E,R5290,KTOE,UK,2019,0.000,
ESTAT:TEN00126(1.0),19/01/22 11:00:00,A,FC_TRA_E,R5290,KTOE,XK,2009,0.000,
ESTAT:TEN00126(1.0),19/01/22 11:00:00,A,FC_TRA_E,R5290,KTOE,XK,2010,0.000,
ESTAT:TEN00126(1.0),19/01/22 11:00:00,A,FC_TRA_E,R5290,KTOE,XK,2011,0.000,
ESTAT:TEN00126(1.0),19/01/22 11:00:00,A,FC_TRA_E,R5290,KTOE,XK,2012,0.000,
ESTAT:TEN00126(1.0),19/01/22 11:00:00,A,FC_TRA_E,R5290,KTOE,XK,2013,0.000,
ESTAT:TEN00126(1.0),19/01/22 11:00:00,A,FC_TRA_E,R5290,KTOE,XK,2014,0.000,
ESTAT:TEN00126(1.0),19/01/22 11:00:00,A,FC_TRA_E,R5290,KTOE,XK,2015,0.000,
ESTAT:TEN00126(1.0),19/01/22 11:00:00,A,FC_TRA_E,R5290,KTOE,XK,2016,0.000,
ESTAT:TEN00126(1.0),19/01/22 11:00:00,A,FC_TRA_E,R5290,KTOE,XK,2017,0.000,
ESTAT:TEN00126(1.0),19/01/22 11:00:00,A,FC_TRA_E,R5290,KTOE,XK,2018,0.000,
ESTAT:TEN00126(1.0),19/01/22 11:00:00,A,FC_TRA_E,R5290,KTOE,XK,2019,0.000,
ESTAT:TEN00126(1.0),19/01/22 11:00:00,A,FC_TRA_E,R5290,KTOE,XK,2020,0.000,
ESTAT:TEN00126(1.0),19/01/22 11:00:00,A,FC_TRA_E,R5300,KTOE,AL,2009,0.000,
ESTAT:TEN00126(1.0),19/01/22 11:00:00,A,FC_TRA_E,R5300,KTOE,AL,2010,0.000,
ESTAT:TEN00126(1.0),19/01/22 11:00:00,A,FC_TRA_E,R5300,KTOE,AL,2011,0.000,
ESTAT:TEN00126(1.0),19/01/22 11:00:00,A,FC_TRA_E,R5300,KTOE,AL,2012,0.000,
ESTAT:TEN00126(1.0),19/01/22 11:00:00,A,FC_TRA_E,R5300,KTOE,AL,2013,0.000,
ESTAT:TEN00126(1.0),19/01/22 11:00:00,A,FC_TRA_E,R5300,KTOE,AL,2014,0.000,
ESTAT:TEN00126(1.0),19/01/22 11:00:00,A,FC_TRA_E,R5300,KTOE,AL,2015,0.000,
ESTAT:TEN00126(1.0),19/01/22 11:00:00,A,FC_TRA_E,R5300,KTOE,AL,2016,0.000,
ESTAT:TEN00126(1.0),19/01/22 11:00:00,A,FC_TRA_E,R5300,KTOE,AL,2017,0.000,
ESTAT:TEN00126(1.0),19/01/22 11:00:00,A,FC_TRA_E,R5300,KTOE,AL,2018,0.000,
ESTAT:TEN00126(1.0),19/01/22 11:00:00,A,FC_TRA_E,R5300,KTOE,AL,2019,0.000,
ESTAT:TEN00126(1.0),19/01/22 11:00:00,A,FC_TRA_E,R5300,KTOE,AL,2020,0.000,
ESTAT:TEN00126(1.0),19/01/22 11:00:00,A,FC_TRA_E,R5300,KTOE,AT,2009,0.001,
ESTAT:TEN00126(1.0),19/01/22 11:00:00,A,FC_TRA_E,R5300,KTOE,AT,2010,0.002,
ESTAT:TEN00126(1.0),19/01/22 11:00:00,A,FC_TRA_E,R5300,KTOE,AT,2011,0.007,
ESTAT:TEN00126(1.0),19/01/22 11:00:00,A,FC_TRA_E,R5300,KTOE,AT,2012,0.011,
ESTAT:TEN00126(1.0),19/01/22 11:00:00,A,FC_TRA_E,R5300,KTOE,AT,2013,0.018,
ESTAT:TEN00126(1.0),19/01/22 11:00:00,A,FC_TRA_E,R5300,KTOE,AT,2014,0.548,
ESTAT:TEN00126(1.0),19/01/22 11:00:00,A,FC_TRA_E,R5300,KTOE,AT,2015,0.416,
ESTAT:TEN00126(1.0),19/01/22 11:00:00,A,FC_TRA_E,R5300,KTOE,AT,2016,0.408,
ESTAT:TEN00126(1.0),19/01/22 11:00:00,A,FC_TRA_E,R5300,KTOE,AT,2017,0.256,
ESTAT:TEN00126(1.0),19/01/22 11:00:00,A,FC_TRA_E,R5300,KTOE,AT,2018,0.367,
ESTAT:TEN00126(1.0),19/01/22 11:00:00,A,FC_TRA_E,R5300,KTOE,AT,2019,0.381,
ESTAT:TEN00126(1.0),19/01/22 11:00:00,A,FC_TRA_E,R5300,KTOE,AT,2020,0.334,
ESTAT:TEN00126(1.0),19/01/22 11:00:00,A,FC_TRA_E,R5300,KTOE,BA,2014,0.000,
ESTAT:TEN00126(1.0),19/01/22 11:00:00,A,FC_TRA_E,R5300,KTOE,BA,2015,0.000,
ESTAT:TEN00126(1.0),19/01/22 11:00:00,A,FC_TRA_E,R5300,KTOE,BA,2016,0.000,
ESTAT:TEN00126(1.0),19/01/22 11:00:00,A,FC_TRA_E,R5300,KTOE,BA,2017,0.000,
ESTAT:TEN00126(1.0),19/01/22 11:00:00,A,FC_TRA_E,R5300,KTOE,BA,2018,0.000,
ESTAT:TEN00126(1.0),19/01/22 11:00:00,A,FC_TRA_E,R5300,KTOE,BA,2019,0.000,
ESTAT:TEN00126(1.0),19/01/22 11:00:00,A,FC_TRA_E,R5300,KTOE,BE,2009,0.000,
ESTAT:TEN00126(1.0),19/01/22 11:00:00,A,FC_TRA_E,R5300,KTOE,BE,2010,0.000,
ESTAT:TEN00126(1.0),19/01/22 11:00:00,A,FC_TRA_E,R5300,KTOE,BE,2011,0.000,
ESTAT:TEN00126(1.0),19/01/22 11:00:00,A,FC_TRA_E,R5300,KTOE,BE,2012,0.000,
ESTAT:TEN00126(1.0),19/01/22 11:00:00,A,FC_TRA_E,R5300,KTOE,BE,2013,0.000,
ESTAT:TEN00126(1.0),19/01/22 11:00:00,A,FC_TRA_E,R5300,KTOE,BE,2014,0.000,
ESTAT:TEN00126(1.0),19/01/22 11:00:00,A,FC_TRA_E,R5300,KTOE,BE,2015,0.000,
ESTAT:TEN00126(1.0),19/01/22 11:00:00,A,FC_TRA_E,R5300,KTOE,BE,2016,0.000,
ESTAT:TEN00126(1.0),19/01/22 11:00:00,A,FC_TRA_E,R5300,KTOE,BE,2017,0.000,
ESTAT:TEN00126(1.0),19/01/22 11:00:00,A,FC_TRA_E,R5300,KTOE,BE,2018,0.000,
ESTAT:TEN00126(1.0),19/01/22 11:00:00,A,FC_TRA_E,R5300,KTOE,BE,2019,0.000,
ESTAT:TEN00126(1.0),19/01/22 11:00:00,A,FC_TRA_E,R5300,KTOE,BE,2020,0.000,
ESTAT:TEN00126(1.0),19/01/22 11:00:00,A,FC_TRA_E,R5300,KTOE,BG,2009,0.000,
ESTAT:TEN00126(1.0),19/01/22 11:00:00,A,FC_TRA_E,R5300,KTOE,BG,2010,0.000,
ESTAT:TEN00126(1.0),19/01/22 11:00:00,A,FC_TRA_E,R5300,KTOE,BG,2011,0.000,
ESTAT:TEN00126(1.0),19/01/22 11:00:00,A,FC_TRA_E,R5300,KTOE,BG,2012,0.000,
ESTAT:TEN00126(1.0),19/01/22 11:00:00,A,FC_TRA_E,R5300,KTOE,BG,2013,0.000,
ESTAT:TEN00126(1.0),19/01/22 11:00:00,A,FC_TRA_E,R5300,KTOE,BG,2014,0.000,
ESTAT:TEN00126(1.0),19/01/22 11:00:00,A,FC_TRA_E,R5300,KTOE,BG,2015,0.000,
ESTAT:TEN00126(1.0),19/01/22 11:00:00,A,FC_TRA_E,R5300,KTOE,BG,2016,0.000,
ESTAT:TEN00126(1.0),19/01/22 11:00:00,A,FC_TRA_E,R5300,KTOE,BG,2017,0.000,
ESTAT:TEN00126(1.0),19/01/22 11:00:00,A,FC_TRA_E,R5300,KTOE,BG,2018,0.000,
ESTAT:TEN00126(1.0),19/01/22 11:00:00,A,FC_TRA_E,R5300,KTOE,BG,2019,0.000,
ESTAT:TEN00126(1.0),19/01/22 11:00:00,A,FC_TRA_E,R5300,KTOE,BG,2020,0.000,
ESTAT:TEN00126(1.0),19/01/22 11:00:00,A,FC_TRA_E,R5300,KTOE,CY,2009,0.000,
ESTAT:TEN00126(1.0),19/01/22 11:00:00,A,FC_TRA_E,R5300,KTOE,CY,2010,0.000,
ESTAT:TEN00126(1.0),19/01/22 11:00:00,A,FC_TRA_E,R5300,KTOE,CY,2011,0.000,
ESTAT:TEN00126(1.0),19/01/22 11:00:00,A,FC_TRA_E,R5300,KTOE,CY,2012,0.000,
ESTAT:TEN00126(1.0),19/01/22 11:00:00,A,FC_TRA_E,R5300,KTOE,CY,2013,0.000,
ESTAT:TEN00126(1.0),19/01/22 11:00:00,A,FC_TRA_E,R5300,KTOE,CY,2014,0.000,
ESTAT:TEN00126(1.0),19/01/22 11:00:00,A,FC_TRA_E,R5300,KTOE,CY,2015,0.000,
ESTAT:TEN00126(1.0),19/01/22 11:00:00,A,FC_TRA_E,R5300,KTOE,CY,2016,0.000,
ESTAT:TEN00126(1.0),19/01/22 11:00:00,A,FC_TRA_E,R5300,KTOE,CY,2017,0.000,
ESTAT:TEN00126(1.0),19/01/22 11:00:00,A,FC_TRA_E,R5300,KTOE,CY,2018,0.000,
ESTAT:TEN00126(1.0),19/01/22 11:00:00,A,FC_TRA_E,R5300,KTOE,CY,2019,0.000,
ESTAT:TEN00126(1.0),19/01/22 11:00:00,A,FC_TRA_E,R5300,KTOE,CY,2020,0.000,
ESTAT:TEN00126(1.0),19/01/22 11:00:00,A,FC_TRA_E,R5300,KTOE,CZ,2009,0.000,
ESTAT:TEN00126(1.0),19/01/22 11:00:00,A,FC_TRA_E,R5300,KTOE,CZ,2010,0.000,
ESTAT:TEN00126(1.0),19/01/22 11:00:00,A,FC_TRA_E,R5300,KTOE,CZ,2011,0.000,
ESTAT:TEN00126(1.0),19/01/22 11:00:00,A,FC_TRA_E,R5300,KTOE,CZ,2012,0.000,
ESTAT:TEN00126(1.0),19/01/22 11:00:00,A,FC_TRA_E,R5300,KTOE,CZ,2013,0.000,
ESTAT:TEN00126(1.0),19/01/22 11:00:00,A,FC_TRA_E,R5300,KTOE,CZ,2014,0.000,
ESTAT:TEN00126(1.0),19/01/22 11:00:00,A,FC_TRA_E,R5300,KTOE,CZ,2015,0.000,
ESTAT:TEN00126(1.0),19/01/22 11:00:00,A,FC_TRA_E,R5300,KTOE,CZ,2016,0.000,
ESTAT:TEN00126(1.0),19/01/22 11:00:00,A,FC_TRA_E,R5300,KTOE,CZ,2017,0.000,
ESTAT:TEN00126(1.0),19/01/22 11:00:00,A,FC_TRA_E,R5300,KTOE,CZ,2018,0.000,
ESTAT:TEN00126(1.0),19/01/22 11:00:00,A,FC_TRA_E,R5300,KTOE,CZ,2019,0.000,
ESTAT:TEN00126(1.0),19/01/22 11:00:00,A,FC_TRA_E,R5300,KTOE,CZ,2020,1.177,
ESTAT:TEN00126(1.0),19/01/22 11:00:00,A,FC_TRA_E,R5300,KTOE,DE,2009,1.123,
ESTAT:TEN00126(1.0),19/01/22 11:00:00,A,FC_TRA_E,R5300,KTOE,DE,2010,6.449,
ESTAT:TEN00126(1.0),19/01/22 11:00:00,A,FC_TRA_E,R5300,KTOE,DE,2011,7.954,
ESTAT:TEN00126(1.0),19/01/22 11:00:00,A,FC_TRA_E,R5300,KTOE,DE,2012,28.662,
ESTAT:TEN00126(1.0),19/01/22 11:00:00,A,FC_TRA_E,R5300,KTOE,DE,2013,41.488,
ESTAT:TEN00126(1.0),19/01/22 11:00:00,A,FC_TRA_E,R5300,KTOE,DE,2014,38.621,
ESTAT:TEN00126(1.0),19/01/22 11:00:00,A,FC_TRA_E,R5300,KTOE,DE,2015,29.665,
ESTAT:TEN00126(1.0),19/01/22 11:00:00,A,FC_TRA_E,R5300,KTOE,DE,2016,32.555,
ESTAT:TEN00126(1.0),19/01/22 11:00:00,A,FC_TRA_E,R5300,KTOE,DE,2017,38.287,
ESTAT:TEN00126(1.0),19/01/22 11:00:00,A,FC_TRA_E,R5300,KTOE,DE,2018,33.415,
ESTAT:TEN00126(1.0),19/01/22 11:00:00,A,FC_TRA_E,R5300,KTOE,DE,2019,56.798,
ESTAT:TEN00126(1.0),19/01/22 11:00:00,A,FC_TRA_E,R5300,KTOE,DE,2020,75.977,
ESTAT:TEN00126(1.0),19/01/22 11:00:00,A,FC_TRA_E,R5300,KTOE,DK,2009,0.000,
ESTAT:TEN00126(1.0),19/01/22 11:00:00,A,FC_TRA_E,R5300,KTOE,DK,2010,0.000,
ESTAT:TEN00126(1.0),19/01/22 11:00:00,A,FC_TRA_E,R5300,KTOE,DK,2011,0.000,
ESTAT:TEN00126(1.0),19/01/22 11:00:00,A,FC_TRA_E,R5300,KTOE,DK,2012,0.000,
ESTAT:TEN00126(1.0),19/01/22 11:00:00,A,FC_TRA_E,R5300,KTOE,DK,2013,0.000,
ESTAT:TEN00126(1.0),19/01/22 11:00:00,A,FC_TRA_E,R5300,KTOE,DK,2014,0.000,
ESTAT:TEN00126(1.0),19/01/22 11:00:00,A,FC_TRA_E,R5300,KTOE,DK,2015,0.000,
ESTAT:TEN00126(1.0),19/01/22 11:00:00,A,FC_TRA_E,R5300,KTOE,DK,2016,0.000,
ESTAT:TEN00126(1.0),19/01/22 11:00:00,A,FC_TRA_E,R5300,KTOE,DK,2017,0.000,
ESTAT:TEN00126(1.0),19/01/22 11:00:00,A,FC_TRA_E,R5300,KTOE,DK,2018,0.000,
ESTAT:TEN00126(1.0),19/01/22 11:00:00,A,FC_TRA_E,R5300,KTOE,DK,2019,0.000,
ESTAT:TEN00126(1.0),19/01/22 11:00:00,A,FC_TRA_E,R5300,KTOE,DK,2020,0.000,
ESTAT:TEN00126(1.0),19/01/22 11:00:00,A,FC_TRA_E,R5300,KTOE,EA19,2009,1.148,
ESTAT:TEN00126(1.0),19/01/22 11:00:00,A,FC_TRA_E,R5300,KTOE,EA19,2010,6.523,
ESTAT:TEN00126(1.0),19/01/22 11:00:00,A,FC_TRA_E,R5300,KTOE,EA19,2011,8.057,
ESTAT:TEN00126(1.0),19/01/22 11:00:00,A,FC_TRA_E,R5300,KTOE,EA19,2012,28.769,
ESTAT:TEN00126(1.0),19/01/22 11:00:00,A,FC_TRA_E,R5300,KTOE,EA19,2013,41.626,
ESTAT:TEN00126(1.0),19/01/22 11:00:00,A,FC_TRA_E,R5300,KTOE,EA19,2014,39.360,
ESTAT:TEN00126(1.0),19/01/22 11:00:00,A,FC_TRA_E,R5300,KTOE,EA19,2015,30.272,
ESTAT:TEN00126(1.0),19/01/22 11:00:00,A,FC_TRA_E,R5300,KTOE,EA19,2016,33.178,
ESTAT:TEN00126(1.0),19/01/22 11:00:00,A,FC_TRA_E,R5300,KTOE,EA19,2017,38.901,
ESTAT:TEN00126(1.0),19/01/22 11:00:00,A,FC_TRA_E,R5300,KTOE,EA19,2018,34.785,
ESTAT:TEN00126(1.0),19/01/22 11:00:00,A,FC_TRA_E,R5300,KTOE,EA19,2019,63.914,
ESTAT:TEN00126(1.0),19/01/22 11:00:00,A,FC_TRA_E,R5300,KTOE,EA19,2020,88.802,
ESTAT:TEN00126(1.0),19/01/22 11:00:00,A,FC_TRA_E,R5300,KTOE,EE,2009,0.000,
ESTAT:TEN00126(1.0),19/01/22 11:00:00,A,FC_TRA_E,R5300,KTOE,EE,2010,0.000,
ESTAT:TEN00126(1.0),19/01/22 11:00:00,A,FC_TRA_E,R5300,KTOE,EE,2011,0.000,
ESTAT:TEN00126(1.0),19/01/22 11:00:00,A,FC_TRA_E,R5300,KTOE,EE,2012,0.000,
ESTAT:TEN00126(1.0),19/01/22 11:00:00,A,FC_TRA_E,R5300,KTOE,EE,2013,0.000,
ESTAT:TEN00126(1.0),19/01/22 11:00:00,A,FC_TRA_E,R5300,KTOE,EE,2014,0.000,
ESTAT:TEN00126(1.0),19/01/22 11:00:00,A,FC_TRA_E,R5300,KTOE,EE,2015,0.000,
ESTAT:TEN00126(1.0),19/01/22 11:00:00,A,FC_TRA_E,R5300,KTOE,EE,2016,0.000,
ESTAT:TEN00126(1.0),19/01/22 11:00:00,A,FC_TRA_E,R5300,KTOE,EE,2017,0.000,
ESTAT:TEN00126(1.0),19/01/22 11:00:00,A,FC_TRA_E,R5300,KTOE,EE,2018,0.000,
ESTAT:TEN00126(1.0),19/01/22 11:00:00,A,FC_TRA_E,R5300,KTOE,EE,2019,5.159,
ESTAT:TEN00126(1.0),19/01/22 11:00:00,A,FC_TRA_E,R5300,KTOE,EE,2020,8.383,
ESTAT:TEN00126(1.0),19/01/22 11:00:00,A,FC_TRA_E,R5300,KTOE,EL,2009,0.000,
ESTAT:TEN00126(1.0),19/01/22 11:00:00,A,FC_TRA_E,R5300,KTOE,EL,2010,0.000,
ESTAT:TEN00126(1.0),19/01/22 11:00:00,A,FC_TRA_E,R5300,KTOE,EL,2011,0.000,
ESTAT:TEN00126(1.0),19/01/22 11:00:00,A,FC_TRA_E,R5300,KTOE,EL,2012,0.000,
ESTAT:TEN00126(1.0),19/01/22 11:00:00,A,FC_TRA_E,R5300,KTOE,EL,2013,0.000,
ESTAT:TEN00126(1.0),19/01/22 11:00:00,A,FC_TRA_E,R5300,KTOE,EL,2014,0.000,
ESTAT:TEN00126(1.0),19/01/22 11:00:00,A,FC_TRA_E,R5300,KTOE,EL,2015,0.000,
ESTAT:TEN00126(1.0),19/01/22 11:00:00,A,FC_TRA_E,R5300,KTOE,EL,2016,0.000,
ESTAT:TEN00126(1.0),19/01/22 11:00:00,A,FC_TRA_E,R5300,KTOE,EL,2017,0.000,
ESTAT:TEN00126(1.0),19/01/22 11:00:00,A,FC_TRA_E,R5300,KTOE,EL,2018,0.000,
ESTAT:TEN00126(1.0),19/01/22 11:00:00,A,FC_TRA_E,R5300,KTOE,EL,2019,0.000,
ESTAT:TEN00126(1.0),19/01/22 11:00:00,A,FC_TRA_E,R5300,KTOE,EL,2020,0.000,
ESTAT:TEN00126(1.0),19/01/22 11:00:00,A,FC_TRA_E,R5300,KTOE,ES,2009,0.000,
ESTAT:TEN00126(1.0),19/01/22 11:00:00,A,FC_TRA_E,R5300,KTOE,ES,2010,0.000,
ESTAT:TEN00126(1.0),19/01/22 11:00:00,A,FC_TRA_E,R5300,KTOE,ES,2011,0.000,
ESTAT:TEN00126(1.0),19/01/22 11:00:00,A,FC_TRA_E,R5300,KTOE,ES,2012,0.000,
ESTAT:TEN00126(1.0),19/01/22 11:00:00,A,FC_TRA_E,R5300,KTOE,ES,2013,0.000,
ESTAT:TEN00126(1.0),19/01/22 11:00:00,A,FC_TRA_E,R5300,KTOE,ES,2014,0.000,
ESTAT:TEN00126(1.0),19/01/22 11:00:00,A,FC_TRA_E,R5300,KTOE,ES,2015,0.000,
ESTAT:TEN00126(1.0),19/01/22 11:00:00,A,FC_TRA_E,R5300,KTOE,ES,2016,0.000,
ESTAT:TEN00126(1.0),19/01/22 11:00:00,A,FC_TRA_E,R5300,KTOE,ES,2017,0.000,
ESTAT:TEN00126(1.0),19/01/22 11:00:00,A,FC_TRA_E,R5300,KTOE,ES,2018,0.000,
ESTAT:TEN00126(1.0),19/01/22 11:00:00,A,FC_TRA_E,R5300,KTOE,ES,2019,0.000,
ESTAT:TEN00126(1.0),19/01/22 11:00:00,A,FC_TRA_E,R5300,KTOE,ES,2020,0.000,
ESTAT:TEN00126(1.0),19/01/22 11:00:00,A,FC_TRA_E,R5300,KTOE,EU27_2020,2009,22.286,
ESTAT:TEN00126(1.0),19/01/22 11:00:00,A,FC_TRA_E,R5300,KTOE,EU27_2020,2010,27.661,
ESTAT:TEN00126(1.0),19/01/22 11:00:00,A,FC_TRA_E,R5300,KTOE,EU27_2020,2011,70.706,
ESTAT:TEN00126(1.0),19/01/22 11:00:00,A,FC_TRA_E,R5300,KTOE,EU27_2020,2012,98.273,
ESTAT:TEN00126(1.0),19/01/22 11:00:00,A,FC_TRA_E,R5300,KTOE,EU27_2020,2013,116.576,
ESTAT:TEN00126(1.0),19/01/22 11:00:00,A,FC_TRA_E,R5300,KTOE,EU27_2020,2014,122.908,
ESTAT:TEN00126(1.0),19/01/22 11:00:00,A,FC_TRA_E,R5300,KTOE,EU27_2020,2015,127.291,
ESTAT:TEN00126(1.0),19/01/22 11:00:00,A,FC_TRA_E,R5300,KTOE,EU27_2020,2016,132.060,
ESTAT:TEN00126(1.0),19/01/22 11:00:00,A,FC_TRA_E,R5300,KTOE,EU27_2020,2017,150.012,
ESTAT:TEN00126(1.0),19/01/22 11:00:00,A,FC_TRA_E,R5300,KTOE,EU27_2020,2018,153.253,
ESTAT:TEN00126(1.0),19/01/22 11:00:00,A,FC_TRA_E,R5300,KTOE,EU27_2020,2019,160.670,
ESTAT:TEN00126(1.0),19/01/22 11:00:00,A,FC_TRA_E,R5300,KTOE,EU27_2020,2020,178.256,
ESTAT:TEN00126(1.0),19/01/22 11:00:00,A,FC_TRA_E,R5300,KTOE,FI,2009,0.024,
ESTAT:TEN00126(1.0),19/01/22 11:00:00,A,FC_TRA_E,R5300,KTOE,FI,2010,0.048,
ESTAT:TEN00126(1.0),19/01/22 11:00:00,A,FC_TRA_E,R5300,KTOE,FI,2011,0.072,
ESTAT:TEN00126(1.0),19/01/22 11:00:00,A,FC_TRA_E,R5300,KTOE,FI,2012,0.072,
ESTAT:TEN00126(1.0),19/01/22 11:00:00,A,FC_TRA_E,R5300,KTOE,FI,2013,0.096,
ESTAT:TEN00126(1.0),19/01/22 11:00:00,A,FC_TRA_E,R5300,KTOE,FI,2014,0.167,
ESTAT:TEN00126(1.0),19/01/22 11:00:00,A,FC_TRA_E,R5300,KTOE,FI,2015,0.167,
ESTAT:TEN00126(1.0),19/01/22 11:00:00,A,FC_TRA_E,R5300,KTOE,FI,2016,0.191,
ESTAT:TEN00126(1.0),19/01/22 11:00:00,A,FC_TRA_E,R5300,KTOE,FI,2017,0.334,
ESTAT:TEN00126(1.0),19/01/22 11:00:00,A,FC_TRA_E,R5300,KTOE,FI,2018,0.979,
ESTAT:TEN00126(1.0),19/01/22 11:00:00,A,FC_TRA_E,R5300,KTOE,FI,2019,1.552,
ESTAT:TEN00126(1.0),19/01/22 11:00:00,A,FC_TRA_E,R5300,KTOE,FI,2020,4.084,
ESTAT:TEN00126(1.0),19/01/22 11:00:00,A,FC_TRA_E,R5300,KTOE,FR,2009,0.000,
ESTAT:TEN00126(1.0),19/01/22 11:00:00,A,FC_TRA_E,R5300,KTOE,FR,2010,0.000,
ESTAT:TEN00126(1.0),19/01/22 11:00:00,A,FC_TRA_E,R5300,KTOE,FR,2011,0.000,
ESTAT:TEN00126(1.0),19/01/22 11:00:00,A,FC_TRA_E,R5300,KTOE,FR,2012,0.000,
ESTAT:TEN00126(1.0),19/01/22 11:00:00,A,FC_TRA_E,R5300,KTOE,FR,2013,0.000,
ESTAT:TEN00126(1.0),19/01/22 11:00:00,A,FC_TRA_E,R5300,KTOE,FR,2014,0.000,
ESTAT:TEN00126(1.0),19/01/22 11:00:00,A,FC_TRA_E,R5300,KTOE,FR,2015,0.000,
ESTAT:TEN00126(1.0),19/01/22 11:00:00,A,FC_TRA_E,R5300,KTOE,FR,2016,0.000,
ESTAT:TEN00126(1.0),19/01/22 11:00:00,A,FC_TRA_E,R5300,KTOE,FR,2017,0.000,
ESTAT:TEN00126(1.0),19/01/22 11:00:00,A,FC_TRA_E,R5300,KTOE,FR,2018,0.000,
ESTAT:TEN00126(1.0),19/01/22 11:00:00,A,FC_TRA_E,R5300,KTOE,FR,2019,0.000,
ESTAT:TEN00126(1.0),19/01/22 11:00:00,A,FC_TRA_E,R5300,KTOE,FR,2020,0.000,
ESTAT:TEN00126(1.0),19/01/22 11:00:00,A,FC_TRA_E,R5300,KTOE,GE,2013,0.000,
ESTAT:TEN00126(1.0),19/01/22 11:00:00,A,FC_TRA_E,R5300,KTOE,GE,2014,0.000,
ESTAT:TEN00126(1.0),19/01/22 11:00:00,A,FC_TRA_E,R5300,KTOE,GE,2015,0.000,
ESTAT:TEN00126(1.0),19/01/22 11:00:00,A,FC_TRA_E,R5300,KTOE,GE,2016,0.000,
ESTAT:TEN00126(1.0),19/01/22 11:00:00,A,FC_TRA_E,R5300,KTOE,GE,2017,0.000,
ESTAT:TEN00126(1.0),19/01/22 11:00:00,A,FC_TRA_E,R5300,KTOE,GE,2018,0.000,
ESTAT:TEN00126(1.0),19/01/22 11:00:00,A,FC_TRA_E,R5300,KTOE,GE,2019,0.000,
ESTAT:TEN00126(1.0),19/01/22 11:00:00,A,FC_TRA_E,R5300,KTOE,GE,2020,0.000,
ESTAT:TEN00126(1.0),19/01/22 11:00:00,A,FC_TRA_E,R5300,KTOE,HR,2009,0.000,
ESTAT:TEN00126(1.0),19/01/22 11:00:00,A,FC_TRA_E,R5300,KTOE,HR,2010,0.000,
ESTAT:TEN00126(1.0),19/01/22 11:00:00,A,FC_TRA_E,R5300,KTOE,HR,2011,0.000,
ESTAT:TEN00126(1.0),19/01/22 11:00:00,A,FC_TRA_E,R5300,KTOE,HR,2012,0.000,
ESTAT:TEN00126(1.0),19/01/22 11:00:00,A,FC_TRA_E,R5300,KTOE,HR,2013,0.000,
ESTAT:TEN00126(1.0),19/01/22 11:00:00,A,FC_TRA_E,R5300,KTOE,HR,2014,0.000,
ESTAT:TEN00126(1.0),19/01/22 11:00:00,A,FC_TRA_E,R5300,KTOE,HR,2015,0.000,
ESTAT:TEN00126(1.0),19/01/22 11:00:00,A,FC_TRA_E,R5300,KTOE,HR,2016,0.000,
ESTAT:TEN00126(1.0),19/01/22 11:00:00,A,FC_TRA_E,R5300,KTOE,HR,2017,0.000,
ESTAT:TEN00126(1.0),19/01/22 11:00:00,A,FC_TRA_E,R5300,KTOE,HR,2018,0.000,
ESTAT:TEN00126(1.0),19/01/22 11:00:00,A,FC_TRA_E,R5300,KTOE,HR,2019,0.000,
ESTAT:TEN00126(1.0),19/01/22 11:00:00,A,FC_TRA_E,R5300,KTOE,HR,2020,0.000,
ESTAT:TEN00126(1.0),19/01/22 11:00:00,A,FC_TRA_E,R5300,KTOE,HU,2009,0.000,
ESTAT:TEN00126(1.0),19/01/22 11:00:00,A,FC_TRA_E,R5300,KTOE,HU,2010,0.000,
ESTAT:TEN00126(1.0),19/01/22 11:00:00,A,FC_TRA_E,R5300,KTOE,HU,2011,0.000,
ESTAT:TEN00126(1.0),19/01/22 11:00:00,A,FC_TRA_E,R5300,KTOE,HU,2012,0.000,
ESTAT:TEN00126(1.0),19/01/22 11:00:00,A,FC_TRA_E,R5300,KTOE,HU,2013,0.000,
ESTAT:TEN00126(1.0),19/01/22 11:00:00,A,FC_TRA_E,R5300,KTOE,HU,2014,0.000,
ESTAT:TEN00126(1.0),19/01/22 11:00:00,A,FC_TRA_E,R5300,KTOE,HU,2015,0.000,
ESTAT:TEN00126(1.0),19/01/22 11:00:00,A,FC_TRA_E,R5300,KTOE,HU,2016,0.000,
ESTAT:TEN00126(1.0),19/01/22 11:00:00,A,FC_TRA_E,R5300,KTOE,HU,2017,0.000,
ESTAT:TEN00126(1.0),19/01/22 11:00:00,A,FC_TRA_E,R5300,KTOE,HU,2018,0.000,
ESTAT:TEN00126(1.0),19/01/22 11:00:00,A,FC_TRA_E,R5300,KTOE,HU,2019,0.000,
ESTAT:TEN00126(1.0),19/01/22 11:00:00,A,FC_TRA_E,R5300,KTOE,HU,2020,0.000,
ESTAT:TEN00126(1.0),19/01/22 11:00:00,A,FC_TRA_E,R5300,KTOE,IE,2009,0.000,
ESTAT:TEN00126(1.0),19/01/22 11:00:00,A,FC_TRA_E,R5300,KTOE,IE,2010,0.000,
ESTAT:TEN00126(1.0),19/01/22 11:00:00,A,FC_TRA_E,R5300,KTOE,IE,2011,0.000,
ESTAT:TEN00126(1.0),19/01/22 11:00:00,A,FC_TRA_E,R5300,KTOE,IE,2012,0.000,
ESTAT:TEN00126(1.0),19/01/22 11:00:00,A,FC_TRA_E,R5300,KTOE,IE,2013,0.000,
ESTAT:TEN00126(1.0),19/01/22 11:00:00,A,FC_TRA_E,R5300,KTOE,IE,2014,0.000,
ESTAT:TEN00126(1.0),19/01/22 11:00:00,A,FC_TRA_E,R5300,KTOE,IE,2015,0.000,
ESTAT:TEN00126(1.0),19/01/22 11:00:00,A,FC_TRA_E,R5300,KTOE,IE,2016,0.000,
ESTAT:TEN00126(1.0),19/01/22 11:00:00,A,FC_TRA_E,R5300,KTOE,IE,2017,0.000,
ESTAT:TEN00126(1.0),19/01/22 11:00:00,A,FC_TRA_E,R5300,KTOE,IE,2018,0.000,
ESTAT:TEN00126(1.0),19/01/22 11:00:00,A,FC_TRA_E,R5300,KTOE,IE,2019,0.000,
ESTAT:TEN00126(1.0),19/01/22 11:00:00,A,FC_TRA_E,R5300,KTOE,IE,2020,0.000,
ESTAT:TEN00126(1.0),19/01/22 11:00:00,A,FC_TRA_E,R5300,KTOE,IS,2009,0.382,
ESTAT:TEN00126(1.0),19/01/22 11:00:00,A,FC_TRA_E,R5300,KTOE,IS,2010,0.525,
ESTAT:TEN00126(1.0),19/01/22 11:00:00,A,FC_TRA_E,R5300,KTOE,IS,2011,1.146,
ESTAT:TEN00126(1.0),19/01/22 11:00:00,A,FC_TRA_E,R5300,KTOE,IS,2012,1.744,
ESTAT:TEN00126(1.0),19/01/22 11:00:00,A,FC_TRA_E,R5300,KTOE,IS,2013,1.696,
ESTAT:TEN00126(1.0),19/01/22 11:00:00,A,FC_TRA_E,R5300,KTOE,IS,2014,1.696,
ESTAT:TEN00126(1.0),19/01/22 11:00:00,A,FC_TRA_E,R5300,KTOE,IS,2015,1.648,
ESTAT:TEN00126(1.0),19/01/22 11:00:00,A,FC_TRA_E,R5300,KTOE,IS,2016,1.696,
ESTAT:TEN00126(1.0),19/01/22 11:00:00,A,FC_TRA_E,R5300,KTOE,IS,2017,1.803,
ESTAT:TEN00126(1.0),19/01/22 11:00:00,A,FC_TRA_E,R5300,KTOE,IS,2018,1.808,
ESTAT:TEN00126(1.0),19/01/22 11:00:00,A,FC_TRA_E,R5300,KTOE,IS,2019,1.282,
ESTAT:TEN00126(1.0),19/01/22 11:00:00,A,FC_TRA_E,R5300,KTOE,IS,2020,1.719,
ESTAT:TEN00126(1.0),19/01/22 11:00:00,A,FC_TRA_E,R5300,KTOE,IT,2009,0.000,
ESTAT:TEN00126(1.0),19/01/22 11:00:00,A,FC_TRA_E,R5300,KTOE,IT,2010,0.024,
ESTAT:TEN00126(1.0),19/01/22 11:00:00,A,FC_TRA_E,R5300,KTOE,IT,2011,0.024,
ESTAT:TEN00126(1.0),19/01/22 11:00:00,A,FC_TRA_E,R5300,KTOE,IT,2012,0.024,
ESTAT:TEN00126(1.0),19/01/22 11:00:00,A,FC_TRA_E,R5300,KTOE,IT,2013,0.024,
ESTAT:TEN00126(1.0),19/01/22 11:00:00,A,FC_TRA_E,R5300,KTOE,IT,2014,0.024,
ESTAT:TEN00126(1.0),19/01/22 11:00:00,A,FC_TRA_E,R5300,KTOE,IT,2015,0.024,
ESTAT:TEN00126(1.0),19/01/22 11:00:00,A,FC_TRA_E,R5300,KTOE,IT,2016,0.024,
ESTAT:TEN00126(1.0),19/01/22 11:00:00,A,FC_TRA_E,R5300,KTOE,IT,2017,0.024,
ESTAT:TEN00126(1.0),19/01/22 11:00:00,A,FC_TRA_E,R5300,KTOE,IT,2018,0.024,
ESTAT:TEN00126(1.0),19/01/22 11:00:00,A,FC_TRA_E,R5300,KTOE,IT,2019,0.024,
ESTAT:TEN00126(1.0),19/01/22 11:00:00,A,FC_TRA_E,R5300,KTOE,IT,2020,0.024,
ESTAT:TEN00126(1.0),19/01/22 11:00:00,A,FC_TRA_E,R5300,KTOE,LT,2009,0.000,
ESTAT:TEN00126(1.0),19/01/22 11:00:00,A,FC_TRA_E,R5300,KTOE,LT,2010,0.000,
ESTAT:TEN00126(1.0),19/01/22 11:00:00,A,FC_TRA_E,R5300,KTOE,LT,2011,0.000,
ESTAT:TEN00126(1.0),19/01/22 11:00:00,A,FC_TRA_E,R5300,KTOE,LT,2012,0.000,
ESTAT:TEN00126(1.0),19/01/22 11:00:00,A,FC_TRA_E,R5300,KTOE,LT,2013,0.000,
ESTAT:TEN00126(1.0),19/01/22 11:00:00,A,FC_TRA_E,R5300,KTOE,LT,2014,0.000,
ESTAT:TEN00126(1.0),19/01/22 11:00:00,A,FC_TRA_E,R5300,KTOE,LT,2015,0.000,
ESTAT:TEN00126(1.0),19/01/22 11:00:00,A,FC_TRA_E,R5300,KTOE,LT,2016,0.000,
ESTAT:TEN00126(1.0),19/01/22 11:00:00,A,FC_TRA_E,R5300,KTOE,LT,2017,0.000,
ESTAT:TEN00126(1.0),19/01/22 11:00:00,A,FC_TRA_E,R5300,KTOE,LT,2018,0.000,
ESTAT:TEN00126(1.0),19/01/22 11:00:00,A,FC_TRA_E,R5300,KTOE,LT,2019,0.000,
ESTAT:TEN00126(1.0),19/01/22 11:00:00,A,FC_TRA_E,R5300,KTOE,LT,2020,0.000,
ESTAT:TEN00126(1.0),19/01/22 11:00:00,A,FC_TRA_E,R5300,KTOE,LU,2009,0.000,
ESTAT:TEN00126(1.0),19/01/22 11:00:00,A,FC_TRA_E,R5300,KTOE,LU,2010,0.000,
ESTAT:TEN00126(1.0),19/01/22 11:00:00,A,FC_TRA_E,R5300,KTOE,LU,2011,0.000,
ESTAT:TEN00126(1.0),19/01/22 11:00:00,A,FC_TRA_E,R5300,KTOE,LU,2012,0.000,
ESTAT:TEN00126(1.0),19/01/22 11:00:00,A,FC_TRA_E,R5300,KTOE,LU,2013,0.000,
ESTAT:TEN00126(1.0),19/01/22 11:00:00,A,FC_TRA_E,R5300,KTOE,LU,2014,0.000,
ESTAT:TEN00126(1.0),19/01/22 11:00:00,A,FC_TRA_E,R5300,KTOE,LU,2015,0.000,
ESTAT:TEN00126(1.0),19/01/22 11:00:00,A,FC_TRA_E,R5300,KTOE,LU,2016,0.000,
ESTAT:TEN00126(1.0),19/01/22 11:00:00,A,FC_TRA_E,R5300,KTOE,LU,2017,0.000,
ESTAT:TEN00126(1.0),19/01/22 11:00:00,A,FC_TRA_E,R5300,KTOE,LU,2018,0.000,
ESTAT:TEN00126(1.0),19/01/22 11:00:00,A,FC_TRA_E,R5300,KTOE,LU,2019,0.000,
ESTAT:TEN00126(1.0),19/01/22 11:00:00,A,FC_TRA_E,R5300,KTOE,LU,2020,0.000,
ESTAT:TEN00126(1.0),19/01/22 11:00:00,A,FC_TRA_E,R5300,KTOE,LV,2009,0.000,
ESTAT:TEN00126(1.0),19/01/22 11:00:00,A,FC_TRA_E,R5300,KTOE,LV,2010,0.000,
ESTAT:TEN00126(1.0),19/01/22 11:00:00,A,FC_TRA_E,R5300,KTOE,LV,2011,0.000,
ESTAT:TEN00126(1.0),19/01/22 11:00:00,A,FC_TRA_E,R5300,KTOE,LV,2012,0.000,
ESTAT:TEN00126(1.0),19/01/22 11:00:00,A,FC_TRA_E,R5300,KTOE,LV,2013,0.000,
ESTAT:TEN00126(1.0),19/01/22 11:00:00,A,FC_TRA_E,R5300,KTOE,LV,2014,0.000,
ESTAT:TEN00126(1.0),19/01/22 11:00:00,A,FC_TRA_E,R5300,KTOE,LV,2015,0.000,
ESTAT:TEN00126(1.0),19/01/22 11:00:00,A,FC_TRA_E,R5300,KTOE,LV,2016,0.000,
ESTAT:TEN00126(1.0),19/01/22 11:00:00,A,FC_TRA_E,R5300,KTOE,LV,2017,0.000,
ESTAT:TEN00126(1.0),19/01/22 11:00:00,A,FC_TRA_E,R5300,KTOE,LV,2018,0.000,
ESTAT:TEN00126(1.0),19/01/22 11:00:00,A,FC_TRA_E,R5300,KTOE,LV,2019,0.000,
ESTAT:TEN00126(1.0),19/01/22 11:00:00,A,FC_TRA_E,R5300,KTOE,LV,2020,0.000,
ESTAT:TEN00126(1.0),19/01/22 11:00:00,A,FC_TRA_E,R5300,KTOE,MD,2010,0.000,
ESTAT:TEN00126(1.0),19/01/22 11:00:00,A,FC_TRA_E,R5300,KTOE,MD,2011,0.000,
ESTAT:TEN00126(1.0),19/01/22 11:00:00,A,FC_TRA_E,R5300,KTOE,MD,2012,0.000,
ESTAT:TEN00126(1.0),19/01/22 11:00:00,A,FC_TRA_E,R5300,KTOE,MD,2013,0.000,
ESTAT:TEN00126(1.0),19/01/22 11:00:00,A,FC_TRA_E,R5300,KTOE,MD,2014,0.000,
ESTAT:TEN00126(1.0),19/01/22 11:00:00,A,FC_TRA_E,R5300,KTOE,MD,2015,0.000,
ESTAT:TEN00126(1.0),19/01/22 11:00:00,A,FC_TRA_E,R5300,KTOE,MD,2016,0.000,
ESTAT:TEN00126(1.0),19/01/22 11:00:00,A,FC_TRA_E,R5300,KTOE,MD,2017,0.000,
ESTAT:TEN00126(1.0),19/01/22 11:00:00,A,FC_TRA_E,R5300,KTOE,MD,2018,0.000,
ESTAT:TEN00126(1.0),19/01/22 11:00:00,A,FC_TRA_E,R5300,KTOE,MD,2019,0.000,
ESTAT:TEN00126(1.0),19/01/22 11:00:00,A,FC_TRA_E,R5300,KTOE,MD,2020,0.000,
ESTAT:TEN00126(1.0),19/01/22 11:00:00,A,FC_TRA_E,R5300,KTOE,ME,2009,0.000,
ESTAT:TEN00126(1.0),19/01/22 11:00:00,A,FC_TRA_E,R5300,KTOE,ME,2010,0.000,
ESTAT:TEN00126(1.0),19/01/22 11:00:00,A,FC_TRA_E,R5300,KTOE,ME,2011,0.000,
ESTAT:TEN00126(1.0),19/01/22 11:00:00,A,FC_TRA_E,R5300,KTOE,ME,2012,0.000,
ESTAT:TEN00126(1.0),19/01/22 11:00:00,A,FC_TRA_E,R5300,KTOE,ME,2013,0.000,
ESTAT:TEN00126(1.0),19/01/22 11:00:00,A,FC_TRA_E,R5300,KTOE,ME,2014,0.000,
ESTAT:TEN00126(1.0),19/01/22 11:00:00,A,FC_TRA_E,R5300,KTOE,ME,2015,0.000,
ESTAT:TEN00126(1.0),19/01/22 11:00:00,A,FC_TRA_E,R5300,KTOE,ME,2016,0.000,
ESTAT:TEN00126(1.0),19/01/22 11:00:00,A,FC_TRA_E,R5300,KTOE,ME,2017,0.000,
ESTAT:TEN00126(1.0),19/01/22 11:00:00,A,FC_TRA_E,R5300,KTOE,ME,2018,0.000,
ESTAT:TEN00126(1.0),19/01/22 11:00:00,A,FC_TRA_E,R5300,KTOE,ME,2019,0.000,
ESTAT:TEN00126(1.0),19/01/22 11:00:00,A,FC_TRA_E,R5300,KTOE,ME,2020,0.000,
ESTAT:TEN00126(1.0),19/01/22 11:00:00,A,FC_TRA_E,R5300,KTOE,MK,2009,0.000,
ESTAT:TEN00126(1.0),19/01/22 11:00:00,A,FC_TRA_E,R5300,KTOE,MK,2010,0.000,
ESTAT:TEN00126(1.0),19/01/22 11:00:00,A,FC_TRA_E,R5300,KTOE,MK,2011,0.000,
ESTAT:TEN00126(1.0),19/01/22 11:00:00,A,FC_TRA_E,R5300,KTOE,MK,2012,0.000,
ESTAT:TEN00126(1.0),19/01/22 11:00:00,A,FC_TRA_E,R5300,KTOE,MK,2013,0.000,
ESTAT:TEN00126(1.0),19/01/22 11:00:00,A,FC_TRA_E,R5300,KTOE,MK,2014,0.000,
ESTAT:TEN00126(1.0),19/01/22 11:00:00,A,FC_TRA_E,R5300,KTOE,MK,2015,0.000,
ESTAT:TEN00126(1.0),19/01/22 11:00:00,A,FC_TRA_E,R5300,KTOE,MK,2016,0.000,
ESTAT:TEN00126(1.0),19/01/22 11:00:00,A,FC_TRA_E,R5300,KTOE,MK,2017,0.000,
ESTAT:TEN00126(1.0),19/01/22 11:00:00,A,FC_TRA_E,R5300,KTOE,MK,2018,0.000,
ESTAT:TEN00126(1.0),19/01/22 11:00:00,A,FC_TRA_E,R5300,KTOE,MK,2019,0.000,
ESTAT:TEN00126(1.0),19/01/22 11:00:00,A,FC_TRA_E,R5300,KTOE,MK,2020,0.000,
ESTAT:TEN00126(1.0),19/01/22 11:00:00,A,FC_TRA_E,R5300,KTOE,MT,2009,0.000,
ESTAT:TEN00126(1.0),19/01/22 11:00:00,A,FC_TRA_E,R5300,KTOE,MT,2010,0.000,
ESTAT:TEN00126(1.0),19/01/22 11:00:00,A,FC_TRA_E,R5300,KTOE,MT,2011,0.000,
ESTAT:TEN00126(1.0),19/01/22 11:00:00,A,FC_TRA_E,R5300,KTOE,MT,2012,0.000,
ESTAT:TEN00126(1.0),19/01/22 11:00:00,A,FC_TRA_E,R5300,KTOE,MT,2013,0.000,
ESTAT:TEN00126(1.0),19/01/22 11:00:00,A,FC_TRA_E,R5300,KTOE,MT,2014,0.000,
ESTAT:TEN00126(1.0),19/01/22 11:00:00,A,FC_TRA_E,R5300,KTOE,MT,2015,0.000,
ESTAT:TEN00126(1.0),19/01/22 11:00:00,A,FC_TRA_E,R5300,KTOE,MT,2016,0.000,
ESTAT:TEN00126(1.0),19/01/22 11:00:00,A,FC_TRA_E,R5300,KTOE,MT,2017,0.000,
ESTAT:TEN00126(1.0),19/01/22 11:00:00,A,FC_TRA_E,R5300,KTOE,MT,2018,0.000,
ESTAT:TEN00126(1.0),19/01/22 11:00:00,A,FC_TRA_E,R5300,KTOE,MT,2019,0.000,
ESTAT:TEN00126(1.0),19/01/22 11:00:00,A,FC_TRA_E,R5300,KTOE,MT,2020,0.000,
ESTAT:TEN00126(1.0),19/01/22 11:00:00,A,FC_TRA_E,R5300,KTOE,NL,2009,0.000,
ESTAT:TEN00126(1.0),19/01/22 11:00:00,A,FC_TRA_E,R5300,KTOE,NL,2010,0.000,
ESTAT:TEN00126(1.0),19/01/22 11:00:00,A,FC_TRA_E,R5300,KTOE,NL,2011,0.000,
ESTAT:TEN00126(1.0),19/01/22 11:00:00,A,FC_TRA_E,R5300,KTOE,NL,2012,0.000,
ESTAT:TEN00126(1.0),19/01/22 11:00:00,A,FC_TRA_E,R5300,KTOE,NL,2013,0.000,
ESTAT:TEN00126(1.0),19/01/22 11:00:00,A,FC_TRA_E,R5300,KTOE,NL,2014,0.000,
ESTAT:TEN00126(1.0),19/01/22 11:00:00,A,FC_TRA_E,R5300,KTOE,NL,2015,0.000,
ESTAT:TEN00126(1.0),19/01/22 11:00:00,A,FC_TRA_E,R5300,KTOE,NL,2016,0.000,
ESTAT:TEN00126(1.0),19/01/22 11:00:00,A,FC_TRA_E,R5300,KTOE,NL,2017,0.000,
ESTAT:TEN00126(1.0),19/01/22 11:00:00,A,FC_TRA_E,R5300,KTOE,NL,2018,0.000,
ESTAT:TEN00126(1.0),19/01/22 11:00:00,A,FC_TRA_E,R5300,KTOE,NL,2019,0.000,
ESTAT:TEN00126(1.0),19/01/22 11:00:00,A,FC_TRA_E,R5300,KTOE,NL,2020,0.000,
ESTAT:TEN00126(1.0),19/01/22 11:00:00,A,FC_TRA_E,R5300,KTOE,NO,2009,0.000,
ESTAT:TEN00126(1.0),19/01/22 11:00:00,A,FC_TRA_E,R5300,KTOE,NO,2010,0.000,
ESTAT:TEN00126(1.0),19/01/22 11:00:00,A,FC_TRA_E,R5300,KTOE,NO,2011,0.000,
ESTAT:TEN00126(1.0),19/01/22 11:00:00,A,FC_TRA_E,R5300,KTOE,NO,2012,0.000,
ESTAT:TEN00126(1.0),19/01/22 11:00:00,A,FC_TRA_E,R5300,KTOE,NO,2013,0.000,
ESTAT:TEN00126(1.0),19/01/22 11:00:00,A,FC_TRA_E,R5300,KTOE,NO,2014,0.000,
ESTAT:TEN00126(1.0),19/01/22 11:00:00,A,FC_TRA_E,R5300,KTOE,NO,2015,9.554,
ESTAT:TEN00126(1.0),19/01/22 11:00:00,A,FC_TRA_E,R5300,KTOE,NO,2016,9.554,
ESTAT:TEN00126(1.0),19/01/22 11:00:00,A,FC_TRA_E,R5300,KTOE,NO,2017,10.151,
ESTAT:TEN00126(1.0),19/01/22 11:00:00,A,FC_TRA_E,R5300,KTOE,NO,2018,18.824,
ESTAT:TEN00126(1.0),19/01/22 11:00:00,A,FC_TRA_E,R5300,KTOE,NO,2019,24.291,
ESTAT:TEN00126(1.0),19/01/22 11:00:00,A,FC_TRA_E,R5300,KTOE,NO,2020,19.992,
ESTAT:TEN00126(1.0),19/01/22 11:00:00,A,FC_TRA_E,R5300,KTOE,PL,2009,0.000,
ESTAT:TEN00126(1.0),19/01/22 11:00:00,A,FC_TRA_E,R5300,KTOE,PL,2010,0.000,
ESTAT:TEN00126(1.0),19/01/22 11:00:00,A,FC_TRA_E,R5300,KTOE,PL,2011,0.000,
ESTAT:TEN00126(1.0),19/01/22 11:00:00,A,FC_TRA_E,R5300,KTOE,PL,2012,0.000,
ESTAT:TEN00126(1.0),19/01/22 11:00:00,A,FC_TRA_E,R5300,KTOE,PL,2013,0.000,
ESTAT:TEN00126(1.0),19/01/22 11:00:00,A,FC_TRA_E,R5300,KTOE,PL,2014,0.000,
ESTAT:TEN00126(1.0),19/01/22 11:00:00,A,FC_TRA_E,R5300,KTOE,PL,2015,0.000,
ESTAT:TEN00126(1.0),19/01/22 11:00:00,A,FC_TRA_E,R5300,KTOE,PL,2016,0.000,
ESTAT:TEN00126(1.0),19/01/22 11:00:00,A,FC_TRA_E,R5300,KTOE,PL,2017,0.000,
ESTAT:TEN00126(1.0),19/01/22 11:00:00,A,FC_TRA_E,R5300,KTOE,PL,2018,0.000,
ESTAT:TEN00126(1.0),19/01/22 11:00:00,A,FC_TRA_E,R5300,KTOE,PL,2019,0.000,
ESTAT:TEN00126(1.0),19/01/22 11:00:00,A,FC_TRA_E,R5300,KTOE,PL,2020,0.000,
ESTAT:TEN00126(1.0),19/01/22 11:00:00,A,FC_TRA_E,R5300,KTOE,PT,2009,0.000,
ESTAT:TEN00126(1.0),19/01/22 11:00:00,A,FC_TRA_E,R5300,KTOE,PT,2010,0.000,
ESTAT:TEN00126(1.0),19/01/22 11:00:00,A,FC_TRA_E,R5300,KTOE,PT,2011,0.000,
ESTAT:TEN00126(1.0),19/01/22 11:00:00,A,FC_TRA_E,R5300,KTOE,PT,2012,0.000,
ESTAT:TEN00126(1.0),19/01/22 11:00:00,A,FC_TRA_E,R5300,KTOE,PT,2013,0.000,
ESTAT:TEN00126(1.0),19/01/22 11:00:00,A,FC_TRA_E,R5300,KTOE,PT,2014,0.000,
ESTAT:TEN00126(1.0),19/01/22 11:00:00,A,FC_TRA_E,R5300,KTOE,PT,2015,0.000,
ESTAT:TEN00126(1.0),19/01/22 11:00:00,A,FC_TRA_E,R5300,KTOE,PT,2016,0.000,
ESTAT:TEN00126(1.0),19/01/22 11:00:00,A,FC_TRA_E,R5300,KTOE,PT,2017,0.000,
ESTAT:TEN00126(1.0),19/01/22 11:00:00,A,FC_TRA_E,R5300,KTOE,PT,2018,0.000,
ESTAT:TEN00126(1.0),19/01/22 11:00:00,A,FC_TRA_E,R5300,KTOE,PT,2019,0.000,
ESTAT:TEN00126(1.0),19/01/22 11:00:00,A,FC_TRA_E,R5300,KTOE,PT,2020,0.000,
ESTAT:TEN00126(1.0),19/01/22 11:00:00,A,FC_TRA_E,R5300,KTOE,RO,2009,0.000,
ESTAT:TEN00126(1.0),19/01/22 11:00:00,A,FC_TRA_E,R5300,KTOE,RO,2010,0.000,
ESTAT:TEN00126(1.0),19/01/22 11:00:00,A,FC_TRA_E,R5300,KTOE,RO,2011,0.000,
ESTAT:TEN00126(1.0),19/01/22 11:00:00,A,FC_TRA_E,R5300,KTOE,RO,2012,0.000,
ESTAT:TEN00126(1.0),19/01/22 11:00:00,A,FC_TRA_E,R5300,KTOE,RO,2013,0.000,
ESTAT:TEN00126(1.0),19/01/22 11:00:00,A,FC_TRA_E,R5300,KTOE,RO,2014,0.000,
ESTAT:TEN00126(1.0),19/01/22 11:00:00,A,FC_TRA_E,R5300,KTOE,RO,2015,0.000,
ESTAT:TEN00126(1.0),19/01/22 11:00:00,A,FC_TRA_E,R5300,KTOE,RO,2016,0.000,
ESTAT:TEN00126(1.0),19/01/22 11:00:00,A,FC_TRA_E,R5300,KTOE,RO,2017,0.000,
ESTAT:TEN00126(1.0),19/01/22 11:00:00,A,FC_TRA_E,R5300,KTOE,RO,2018,0.000,
ESTAT:TEN00126(1.0),19/01/22 11:00:00,A,FC_TRA_E,R5300,KTOE,RO,2019,0.000,
ESTAT:TEN00126(1.0),19/01/22 11:00:00,A,FC_TRA_E,R5300,KTOE,RO,2020,0.000,
ESTAT:TEN00126(1.0),19/01/22 11:00:00,A,FC_TRA_E,R5300,KTOE,RS,2009,0.000,
ESTAT:TEN00126(1.0),19/01/22 11:00:00,A,FC_TRA_E,R5300,KTOE,RS,2010,0.000,
ESTAT:TEN00126(1.0),19/01/22 11:00:00,A,FC_TRA_E,R5300,KTOE,RS,2011,0.000,
ESTAT:TEN00126(1.0),19/01/22 11:00:00,A,FC_TRA_E,R5300,KTOE,RS,2012,0.000,
ESTAT:TEN00126(1.0),19/01/22 11:00:00,A,FC_TRA_E,R5300,KTOE,RS,2013,0.000,
ESTAT:TEN00126(1.0),19/01/22 11:00:00,A,FC_TRA_E,R5300,KTOE,RS,2014,0.000,
ESTAT:TEN00126(1.0),19/01/22 11:00:00,A,FC_TRA_E,R5300,KTOE,RS,2015,0.000,
ESTAT:TEN00126(1.0),19/01/22 11:00:00,A,FC_TRA_E,R5300,KTOE,RS,2016,0.000,
ESTAT:TEN00126(1.0),19/01/22 11:00:00,A,FC_TRA_E,R5300,KTOE,RS,2017,0.000,
ESTAT:TEN00126(1.0),19/01/22 11:00:00,A,FC_TRA_E,R5300,KTOE,RS,2018,0.000,
ESTAT:TEN00126(1.0),19/01/22 11:00:00,A,FC_TRA_E,R5300,KTOE,RS,2019,0.000,
ESTAT:TEN00126(1.0),19/01/22 11:00:00,A,FC_TRA_E,R5300,KTOE,RS,2020,0.000,
ESTAT:TEN00126(1.0),19/01/22 11:00:00,A,FC_TRA_E,R5300,KTOE,SE,2009,21.138,
ESTAT:TEN00126(1.0),19/01/22 11:00:00,A,FC_TRA_E,R5300,KTOE,SE,2010,21.138,
ESTAT:TEN00126(1.0),19/01/22 11:00:00,A,FC_TRA_E,R5300,KTOE,SE,2011,62.649,
ESTAT:TEN00126(1.0),19/01/22 11:00:00,A,FC_TRA_E,R5300,KTOE,SE,2012,69.504,
ESTAT:TEN00126(1.0),19/01/22 11:00:00,A,FC_TRA_E,R5300,KTOE,SE,2013,74.950,
ESTAT:TEN00126(1.0),19/01/22 11:00:00,A,FC_TRA_E,R5300,KTOE,SE,2014,83.548,
ESTAT:TEN00126(1.0),19/01/22 11:00:00,A,FC_TRA_E,R5300,KTOE,SE,2015,97.019,
ESTAT:TEN00126(1.0),19/01/22 11:00:00,A,FC_TRA_E,R5300,KTOE,SE,2016,98.882,
ESTAT:TEN00126(1.0),19/01/22 11:00:00,A,FC_TRA_E,R5300,KTOE,SE,2017,111.111,
ESTAT:TEN00126(1.0),19/01/22 11:00:00,A,FC_TRA_E,R5300,KTOE,SE,2018,118.468,
ESTAT:TEN00126(1.0),19/01/22 11:00:00,A,FC_TRA_E,R5300,KTOE,SE,2019,96.756,
ESTAT:TEN00126(1.0),19/01/22 11:00:00,A,FC_TRA_E,R5300,KTOE,SE,2020,88.277,
ESTAT:TEN00126(1.0),19/01/22 11:00:00,A,FC_TRA_E,R5300,KTOE,SI,2009,0.000,
ESTAT:TEN00126(1.0),19/01/22 11:00:00,A,FC_TRA_E,R5300,KTOE,SI,2010,0.000,
ESTAT:TEN00126(1.0),19/01/22 11:00:00,A,FC_TRA_E,R5300,KTOE,SI,2011,0.000,
ESTAT:TEN00126(1.0),19/01/22 11:00:00,A,FC_TRA_E,R5300,KTOE,SI,2012,0.000,
ESTAT:TEN00126(1.0),19/01/22 11:00:00,A,FC_TRA_E,R5300,KTOE,SI,2013,0.000,
ESTAT:TEN00126(1.0),19/01/22 11:00:00,A,FC_TRA_E,R5300,KTOE,SI,2014,0.000,
ESTAT:TEN00126(1.0),19/01/22 11:00:00,A,FC_TRA_E,R5300,KTOE,SI,2015,0.000,
ESTAT:TEN00126(1.0),19/01/22 11:00:00,A,FC_TRA_E,R5300,KTOE,SI,2016,0.000,
ESTAT:TEN00126(1.0),19/01/22 11:00:00,A,FC_TRA_E,R5300,KTOE,SI,2017,0.000,
ESTAT:TEN00126(1.0),19/01/22 11:00:00,A,FC_TRA_E,R5300,KTOE,SI,2018,0.000,
ESTAT:TEN00126(1.0),19/01/22 11:00:00,A,FC_TRA_E,R5300,KTOE,SI,2019,0.000,
ESTAT:TEN00126(1.0),19/01/22 11:00:00,A,FC_TRA_E,R5300,KTOE,SI,2020,0.000,
ESTAT:TEN00126(1.0),19/01/22 11:00:00,A,FC_TRA_E,R5300,KTOE,SK,2009,0.000,
ESTAT:TEN00126(1.0),19/01/22 11:00:00,A,FC_TRA_E,R5300,KTOE,SK,2010,0.000,
ESTAT:TEN00126(1.0),19/01/22 11:00:00,A,FC_TRA_E,R5300,KTOE,SK,2011,0.000,
ESTAT:TEN00126(1.0),19/01/22 11:00:00,A,FC_TRA_E,R5300,KTOE,SK,2012,0.000,
ESTAT:TEN00126(1.0),19/01/22 11:00:00,A,FC_TRA_E,R5300,KTOE,SK,2013,0.000,
ESTAT:TEN00126(1.0),19/01/22 11:00:00,A,FC_TRA_E,R5300,KTOE,SK,2014,0.000,
ESTAT:TEN00126(1.0),19/01/22 11:00:00,A,FC_TRA_E,R5300,KTOE,SK,2015,0.000,
ESTAT:TEN00126(1.0),19/01/22 11:00:00,A,FC_TRA_E,R5300,KTOE,SK,2016,0.000,
ESTAT:TEN00126(1.0),19/01/22 11:00:00,A,FC_TRA_E,R5300,KTOE,SK,2017,0.000,
ESTAT:TEN00126(1.0),19/01/22 11:00:00,A,FC_TRA_E,R5300,KTOE,SK,2018,0.000,
ESTAT:TEN00126(1.0),19/01/22 11:00:00,A,FC_TRA_E,R5300,KTOE,SK,2019,0.000,
ESTAT:TEN00126(1.0),19/01/22 11:00:00,A,FC_TRA_E,R5300,KTOE,SK,2020,0.000,
ESTAT:TEN00126(1.0),19/01/22 11:00:00,A,FC_TRA_E,R5300,KTOE,TR,2009,0.000,
ESTAT:TEN00126(1.0),19/01/22 11:00:00,A,FC_TRA_E,R5300,KTOE,TR,2010,0.000,
ESTAT:TEN00126(1.0),19/01/22 11:00:00,A,FC_TRA_E,R5300,KTOE,TR,2011,0.000,
ESTAT:TEN00126(1.0),19/01/22 11:00:00,A,FC_TRA_E,R5300,KTOE,TR,2012,0.000,
ESTAT:TEN00126(1.0),19/01/22 11:00:00,A,FC_TRA_E,R5300,KTOE,TR,2013,0.000,
ESTAT:TEN00126(1.0),19/01/22 11:00:00,A,FC_TRA_E,R5300,KTOE,TR,2014,0.000,
ESTAT:TEN00126(1.0),19/01/22 11:00:00,A,FC_TRA_E,R5300,KTOE,TR,2015,0.000,
ESTAT:TEN00126(1.0),19/01/22 11:00:00,A,FC_TRA_E,R5300,KTOE,TR,2016,0.000,
ESTAT:TEN00126(1.0),19/01/22 11:00:00,A,FC_TRA_E,R5300,KTOE,TR,2017,0.000,
ESTAT:TEN00126(1.0),19/01/22 11:00:00,A,FC_TRA_E,R5300,KTOE,TR,2018,0.000,
ESTAT:TEN00126(1.0),19/01/22 11:00:00,A,FC_TRA_E,R5300,KTOE,TR,2019,0.000,
ESTAT:TEN00126(1.0),19/01/22 11:00:00,A,FC_TRA_E,R5300,KTOE,TR,2020,0.000,
ESTAT:TEN00126(1.0),19/01/22 11:00:00,A,FC_TRA_E,R5300,KTOE,UA,2009,0.000,
ESTAT:TEN00126(1.0),19/01/22 11:00:00,A,FC_TRA_E,R5300,KTOE,UA,2010,0.000,
ESTAT:TEN00126(1.0),19/01/22 11:00:00,A,FC_TRA_E,R5300,KTOE,UA,2011,0.000,
ESTAT:TEN00126(1.0),19/01/22 11:00:00,A,FC_TRA_E,R5300,KTOE,UA,2012,0.000,
ESTAT:TEN00126(1.0),19/01/22 11:00:00,A,FC_TRA_E,R5300,KTOE,UA,2013,0.000,
ESTAT:TEN00126(1.0),19/01/22 11:00:00,A,FC_TRA_E,R5300,KTOE,UA,2014,0.000,
ESTAT:TEN00126(1.0),19/01/22 11:00:00,A,FC_TRA_E,R5300,KTOE,UA,2015,0.000,
ESTAT:TEN00126(1.0),19/01/22 11:00:00,A,FC_TRA_E,R5300,KTOE,UA,2016,0.000,
ESTAT:TEN00126(1.0),19/01/22 11:00:00,A,FC_TRA_E,R5300,KTOE,UA,2017,0.000,
ESTAT:TEN00126(1.0),19/01/22 11:00:00,A,FC_TRA_E,R5300,KTOE,UA,2018,0.000,
ESTAT:TEN00126(1.0),19/01/22 11:00:00,A,FC_TRA_E,R5300,KTOE,UA,2019,0.000,
ESTAT:TEN00126(1.0),19/01/22 11:00:00,A,FC_TRA_E,R5300,KTOE,UA,2020,0.000,
ESTAT:TEN00126(1.0),19/01/22 11:00:00,A,FC_TRA_E,R5300,KTOE,UK,2009,0.000,
ESTAT:TEN00126(1.0),19/01/22 11:00:00,A,FC_TRA_E,R5300,KTOE,UK,2010,0.000,
ESTAT:TEN00126(1.0),19/01/22 11:00:00,A,FC_TRA_E,R5300,KTOE,UK,2011,0.000,
ESTAT:TEN00126(1.0),19/01/22 11:00:00,A,FC_TRA_E,R5300,KTOE,UK,2012,0.000,
ESTAT:TEN00126(1.0),19/01/22 11:00:00,A,FC_TRA_E,R5300,KTOE,UK,2013,0.000,
ESTAT:TEN00126(1.0),19/01/22 11:00:00,A,FC_TRA_E,R5300,KTOE,UK,2014,0.000,
ESTAT:TEN00126(1.0),19/01/22 11:00:00,A,FC_TRA_E,R5300,KTOE,UK,2015,0.000,
ESTAT:TEN00126(1.0),19/01/22 11:00:00,A,FC_TRA_E,R5300,KTOE,UK,2016,0.000,
ESTAT:TEN00126(1.0),19/01/22 11:00:00,A,FC_TRA_E,R5300,KTOE,UK,2017,0.000,
ESTAT:TEN00126(1.0),19/01/22 11:00:00,A,FC_TRA_E,R5300,KTOE,UK,2018,0.000,
ESTAT:TEN00126(1.0),19/01/22 11:00:00,A,FC_TRA_E,R5300,KTOE,UK,2019,0.000,
ESTAT:TEN00126(1.0),19/01/22 11:00:00,A,FC_TRA_E,R5300,KTOE,XK,2009,0.000,
ESTAT:TEN00126(1.0),19/01/22 11:00:00,A,FC_TRA_E,R5300,KTOE,XK,2010,0.000,
ESTAT:TEN00126(1.0),19/01/22 11:00:00,A,FC_TRA_E,R5300,KTOE,XK,2011,0.000,
ESTAT:TEN00126(1.0),19/01/22 11:00:00,A,FC_TRA_E,R5300,KTOE,XK,2012,0.000,
ESTAT:TEN00126(1.0),19/01/22 11:00:00,A,FC_TRA_E,R5300,KTOE,XK,2013,0.000,
ESTAT:TEN00126(1.0),19/01/22 11:00:00,A,FC_TRA_E,R5300,KTOE,XK,2014,0.000,
ESTAT:TEN00126(1.0),19/01/22 11:00:00,A,FC_TRA_E,R5300,KTOE,XK,2015,0.000,
ESTAT:TEN00126(1.0),19/01/22 11:00:00,A,FC_TRA_E,R5300,KTOE,XK,2016,0.000,
ESTAT:TEN00126(1.0),19/01/22 11:00:00,A,FC_TRA_E,R5300,KTOE,XK,2017,0.000,
ESTAT:TEN00126(1.0),19/01/22 11:00:00,A,FC_TRA_E,R5300,KTOE,XK,2018,0.000,
ESTAT:TEN00126(1.0),19/01/22 11:00:00,A,FC_TRA_E,R5300,KTOE,XK,2019,0.000,
ESTAT:TEN00126(1.0),19/01/22 11:00:00,A,FC_TRA_E,R5300,KTOE,XK,2020,0.000,
ESTAT:TEN00126(1.0),19/01/22 11:00:00,A,FC_TRA_E,TOTAL,KTOE,AL,2009,754.562,
ESTAT:TEN00126(1.0),19/01/22 11:00:00,A,FC_TRA_E,TOTAL,KTOE,AL,2010,732.789,
ESTAT:TEN00126(1.0),19/01/22 11:00:00,A,FC_TRA_E,TOTAL,KTOE,AL,2011,768.010,
ESTAT:TEN00126(1.0),19/01/22 11:00:00,A,FC_TRA_E,TOTAL,KTOE,AL,2012,737.022,
ESTAT:TEN00126(1.0),19/01/22 11:00:00,A,FC_TRA_E,TOTAL,KTOE,AL,2013,804.074,
ESTAT:TEN00126(1.0),19/01/22 11:00:00,A,FC_TRA_E,TOTAL,KTOE,AL,2014,833.978,
ESTAT:TEN00126(1.0),19/01/22 11:00:00,A,FC_TRA_E,TOTAL,KTOE,AL,2015,829.298,
ESTAT:TEN00126(1.0),19/01/22 11:00:00,A,FC_TRA_E,TOTAL,KTOE,AL,2016,832.543,
ESTAT:TEN00126(1.0),19/01/22 11:00:00,A,FC_TRA_E,TOTAL,KTOE,AL,2017,831.899,
ESTAT:TEN00126(1.0),19/01/22 11:00:00,A,FC_TRA_E,TOTAL,KTOE,AL,2018,832.167,
ESTAT:TEN00126(1.0),19/01/22 11:00:00,A,FC_TRA_E,TOTAL,KTOE,AL,2019,834.858,
ESTAT:TEN00126(1.0),19/01/22 11:00:00,A,FC_TRA_E,TOTAL,KTOE,AL,2020,705.809,
ESTAT:TEN00126(1.0),19/01/22 11:00:00,A,FC_TRA_E,TOTAL,KTOE,AT,2009,7911.725,
ESTAT:TEN00126(1.0),19/01/22 11:00:00,A,FC_TRA_E,TOTAL,KTOE,AT,2010,8163.403,
ESTAT:TEN00126(1.0),19/01/22 11:00:00,A,FC_TRA_E,TOTAL,KTOE,AT,2011,7874.596,
ESTAT:TEN00126(1.0),19/01/22 11:00:00,A,FC_TRA_E,TOTAL,KTOE,AT,2012,7792.366,
ESTAT:TEN00126(1.0),19/01/22 11:00:00,A,FC_TRA_E,TOTAL,KTOE,AT,2013,8294.925,
ESTAT:TEN00126(1.0),19/01/22 11:00:00,A,FC_TRA_E,TOTAL,KTOE,AT,2014,8228.068,
ESTAT:TEN00126(1.0),19/01/22 11:00:00,A,FC_TRA_E,TOTAL,KTOE,AT,2015,8464.597,
ESTAT:TEN00126(1.0),19/01/22 11:00:00,A,FC_TRA_E,TOTAL,KTOE,AT,2016,8598.512,
ESTAT:TEN00126(1.0),19/01/22 11:00:00,A,FC_TRA_E,TOTAL,KTOE,AT,2017,8724.365,
ESTAT:TEN00126(1.0),19/01/22 11:00:00,A,FC_TRA_E,TOTAL,KTOE,AT,2018,8836.593,
ESTAT:TEN00126(1.0),19/01/22 11:00:00,A,FC_TRA_E,TOTAL,KTOE,AT,2019,8835.886,
ESTAT:TEN00126(1.0),19/01/22 11:00:00,A,FC_TRA_E,TOTAL,KTOE,AT,2020,7728.024,
ESTAT:TEN00126(1.0),19/01/22 11:00:00,A,FC_TRA_E,TOTAL,KTOE,BA,2014,988.905,
ESTAT:TEN00126(1.0),19/01/22 11:00:00,A,FC_TRA_E,TOTAL,KTOE,BA,2015,1030.976,
ESTAT:TEN00126(1.0),19/01/22 11:00:00,A,FC_TRA_E,TOTAL,KTOE,BA,2016,1196.912,
ESTAT:TEN00126(1.0),19/01/22 11:00:00,A,FC_TRA_E,TOTAL,KTOE,BA,2017,1248.920,
ESTAT:TEN00126(1.0),19/01/22 11:00:00,A,FC_TRA_E,TOTAL,KTOE,BA,2018,1238.269,
ESTAT:TEN00126(1.0),19/01/22 11:00:00,A,FC_TRA_E,TOTAL,KTOE,BA,2019,1322.151,
ESTAT:TEN00126(1.0),19/01/22 11:00:00,A,FC_TRA_E,TOTAL,KTOE,BE,2009,8983.816,
ESTAT:TEN00126(1.0),19/01/22 11:00:00,A,FC_TRA_E,TOTAL,KTOE,BE,2010,8942.501,
ESTAT:TEN00126(1.0),19/01/22 11:00:00,A,FC_TRA_E,TOTAL,KTOE,BE,2011,8799.874,
ESTAT:TEN00126(1.0),19/01/22 11:00:00,A,FC_TRA_E,TOTAL,KTOE,BE,2012,8542.173,
ESTAT:TEN00126(1.0),19/01/22 11:00:00,A,FC_TRA_E,TOTAL,KTOE,BE,2013,8387.048,
ESTAT:TEN00126(1.0),19/01/22 11:00:00,A,FC_TRA_E,TOTAL,KTOE,BE,2014,8520.783,
ESTAT:TEN00126(1.0),19/01/22 11:00:00,A,FC_TRA_E,TOTAL,KTOE,BE,2015,8910.586,
ESTAT:TEN00126(1.0),19/01/22 11:00:00,A,FC_TRA_E,TOTAL,KTOE,BE,2016,9010.348,
ESTAT:TEN00126(1.0),19/01/22 11:00:00,A,FC_TRA_E,TOTAL,KTOE,BE,2017,8858.129,
ESTAT:TEN00126(1.0),19/01/22 11:00:00,A,FC_TRA_E,TOTAL,KTOE,BE,2018,8897.132,
ESTAT:TEN00126(1.0),19/01/22 11:00:00,A,FC_TRA_E,TOTAL,KTOE,BE,2019,8835.707,
ESTAT:TEN00126(1.0),19/01/22 11:00:00,A,FC_TRA_E,TOTAL,KTOE,BE,2020,7764.756,
ESTAT:TEN00126(1.0),19/01/22 11:00:00,A,FC_TRA_E,TOTAL,KTOE,BG,2009,2761.501,
ESTAT:TEN00126(1.0),19/01/22 11:00:00,A,FC_TRA_E,TOTAL,KTOE,BG,2010,2694.753,
ESTAT:TEN00126(1.0),19/01/22 11:00:00,A,FC_TRA_E,TOTAL,KTOE,BG,2011,2759.922,
ESTAT:TEN00126(1.0),19/01/22 11:00:00,A,FC_TRA_E,TOTAL,KTOE,BG,2012,2914.390,
ESTAT:TEN00126(1.0),19/01/22 11:00:00,A,FC_TRA_E,TOTAL,KTOE,BG,2013,2620.341,
ESTAT:TEN00126(1.0),19/01/22 11:00:00,A,FC_TRA_E,TOTAL,KTOE,BG,2014,2916.487,
ESTAT:TEN00126(1.0),19/01/22 11:00:00,A,FC_TRA_E,TOTAL,KTOE,BG,2015,3211.585,
ESTAT:TEN00126(1.0),19/01/22 11:00:00,A,FC_TRA_E,TOTAL,KTOE,BG,2016,3268.077,
ESTAT:TEN00126(1.0),19/01/22 11:00:00,A,FC_TRA_E,TOTAL,KTOE,BG,2017,3324.915,
ESTAT:TEN00126(1.0),19/01/22 11:00:00,A,FC_TRA_E,TOTAL,KTOE,BG,2018,3372.188,
ESTAT:TEN00126(1.0),19/01/22 11:00:00,A,FC_TRA_E,TOTAL,KTOE,BG,2019,3409.544,
ESTAT:TEN00126(1.0),19/01/22 11:00:00,A,FC_TRA_E,TOTAL,KTOE,BG,2020,3215.317,
ESTAT:TEN00126(1.0),19/01/22 11:00:00,A,FC_TRA_E,TOTAL,KTOE,CY,2009,749.520,
ESTAT:TEN00126(1.0),19/01/22 11:00:00,A,FC_TRA_E,TOTAL,KTOE,CY,2010,765.447,
ESTAT:TEN00126(1.0),19/01/22 11:00:00,A,FC_TRA_E,TOTAL,KTOE,CY,2011,744.315,
ESTAT:TEN00126(1.0),19/01/22 11:00:00,A,FC_TRA_E,TOTAL,KTOE,CY,2012,687.941,
ESTAT:TEN00126(1.0),19/01/22 11:00:00,A,FC_TRA_E,TOTAL,KTOE,CY,2013,619.936,
ESTAT:TEN00126(1.0),19/01/22 11:00:00,A,FC_TRA_E,TOTAL,KTOE,CY,2014,599.542,
ESTAT:TEN00126(1.0),19/01/22 11:00:00,A,FC_TRA_E,TOTAL,KTOE,CY,2015,621.949,
ESTAT:TEN00126(1.0),19/01/22 11:00:00,A,FC_TRA_E,TOTAL,KTOE,CY,2016,658.147,
ESTAT:TEN00126(1.0),19/01/22 11:00:00,A,FC_TRA_E,TOTAL,KTOE,CY,2017,681.155,
ESTAT:TEN00126(1.0),19/01/22 11:00:00,A,FC_TRA_E,TOTAL,KTOE,CY,2018,684.771,
ESTAT:TEN00126(1.0),19/01/22 11:00:00,A,FC_TRA_E,TOTAL,KTOE,CY,2019,692.280,
ESTAT:TEN00126(1.0),19/01/22 11:00:00,A,FC_TRA_E,TOTAL,KTOE,CY,2020,617.279,
ESTAT:TEN00126(1.0),19/01/22 11:00:00,A,FC_TRA_E,TOTAL,KTOE,CZ,2009,6220.839,
ESTAT:TEN00126(1.0),19/01/22 11:00:00,A,FC_TRA_E,TOTAL,KTOE,CZ,2010,5916.110,
ESTAT:TEN00126(1.0),19/01/22 11:00:00,A,FC_TRA_E,TOTAL,KTOE,CZ,2011,5935.592,
ESTAT:TEN00126(1.0),19/01/22 11:00:00,A,FC_TRA_E,TOTAL,KTOE,CZ,2012,5788.889,
ESTAT:TEN00126(1.0),19/01/22 11:00:00,A,FC_TRA_E,TOTAL,KTOE,CZ,2013,5738.681,
ESTAT:TEN00126(1.0),19/01/22 11:00:00,A,FC_TRA_E,TOTAL,KTOE,CZ,2014,5948.768,
ESTAT:TEN00126(1.0),19/01/22 11:00:00,A,FC_TRA_E,TOTAL,KTOE,CZ,2015,6195.220,
ESTAT:TEN00126(1.0),19/01/22 11:00:00,A,FC_TRA_E,TOTAL,KTOE,CZ,2016,6417.093,
ESTAT:TEN00126(1.0),19/01/22 11:00:00,A,FC_TRA_E,TOTAL,KTOE,CZ,2017,6617.264,
ESTAT:TEN00126(1.0),19/01/22 11:00:00,A,FC_TRA_E,TOTAL,KTOE,CZ,2018,6659.891,
ESTAT:TEN00126(1.0),19/01/22 11:00:00,A,FC_TRA_E,TOTAL,KTOE,CZ,2019,6778.778,
ESTAT:TEN00126(1.0),19/01/22 11:00:00,A,FC_TRA_E,TOTAL,KTOE,CZ,2020,6378.679,
ESTAT:TEN00126(1.0),19/01/22 11:00:00,A,FC_TRA_E,TOTAL,KTOE,DE,2009,52532.628,
ESTAT:TEN00126(1.0),19/01/22 11:00:00,A,FC_TRA_E,TOTAL,KTOE,DE,2010,53143.376,
ESTAT:TEN00126(1.0),19/01/22 11:00:00,A,FC_TRA_E,TOTAL,KTOE,DE,2011,53638.674,
ESTAT:TEN00126(1.0),19/01/22 11:00:00,A,FC_TRA_E,TOTAL,KTOE,DE,2012,53259.098,
ESTAT:TEN00126(1.0),19/01/22 11:00:00,A,FC_TRA_E,TOTAL,KTOE,DE,2013,54240.042,
ESTAT:TEN00126(1.0),19/01/22 11:00:00,A,FC_TRA_E,TOTAL,KTOE,DE,2014,55445.775,
ESTAT:TEN00126(1.0),19/01/22 11:00:00,A,FC_TRA_E,TOTAL,KTOE,DE,2015,55144.756,
ESTAT:TEN00126(1.0),19/01/22 11:00:00,A,FC_TRA_E,TOTAL,KTOE,DE,2016,56556.589,
ESTAT:TEN00126(1.0),19/01/22 11:00:00,A,FC_TRA_E,TOTAL,KTOE,DE,2017,57247.225,
ESTAT:TEN00126(1.0),19/01/22 11:00:00,A,FC_TRA_E,TOTAL,KTOE,DE,2018,55470.398,
ESTAT:TEN00126(1.0),19/01/22 11:00:00,A,FC_TRA_E,TOTAL,KTOE,DE,2019,56220.462,
ESTAT:TEN00126(1.0),19/01/22 11:00:00,A,FC_TRA_E,TOTAL,KTOE,DE,2020,50965.833,
ESTAT:TEN00126(1.0),19/01/22 11:00:00,A,FC_TRA_E,TOTAL,KTOE,DK,2009,4387.797,
ESTAT:TEN00126(1.0),19/01/22 11:00:00,A,FC_TRA_E,TOTAL,KTOE,DK,2010,4351.728,
ESTAT:TEN00126(1.0),19/01/22 11:00:00,A,FC_TRA_E,TOTAL,KTOE,DK,2011,4340.893,
ESTAT:TEN00126(1.0),19/01/22 11:00:00,A,FC_TRA_E,TOTAL,KTOE,DK,2012,4064.881,
ESTAT:TEN00126(1.0),19/01/22 11:00:00,A,FC_TRA_E,TOTAL,KTOE,DK,2013,3997.071,
ESTAT:TEN00126(1.0),19/01/22 11:00:00,A,FC_TRA_E,TOTAL,KTOE,DK,2014,4031.418,
ESTAT:TEN00126(1.0),19/01/22 11:00:00,A,FC_TRA_E,TOTAL,KTOE,DK,2015,4217.267,
ESTAT:TEN00126(1.0),19/01/22 11:00:00,A,FC_TRA_E,TOTAL,KTOE,DK,2016,4274.602,
ESTAT:TEN00126(1.0),19/01/22 11:00:00,A,FC_TRA_E,TOTAL,KTOE,DK,2017,4264.461,
ESTAT:TEN00126(1.0),19/01/22 11:00:00,A,FC_TRA_E,TOTAL,KTOE,DK,2018,4308.604,
ESTAT:TEN00126(1.0),19/01/22 11:00:00,A,FC_TRA_E,TOTAL,KTOE,DK,2019,4236.178,
ESTAT:TEN00126(1.0),19/01/22 11:00:00,A,FC_TRA_E,TOTAL,KTOE,DK,2020,3937.089,
ESTAT:TEN00126(1.0),19/01/22 11:00:00,A,FC_TRA_E,TOTAL,KTOE,EA19,2009,231893.362,
ESTAT:TEN00126(1.0),19/01/22 11:00:00,A,FC_TRA_E,TOTAL,KTOE,EA19,2010,231278.353,
ESTAT:TEN00126(1.0),19/01/22 11:00:00,A,FC_TRA_E,TOTAL,KTOE,EA19,2011,230003.826,
ESTAT:TEN00126(1.0),19/01/22 11:00:00,A,FC_TRA_E,TOTAL,KTOE,EA19,2012,221572.262,
ESTAT:TEN00126(1.0),19/01/22 11:00:00,A,FC_TRA_E,TOTAL,KTOE,EA19,2013,219824.465,
ESTAT:TEN00126(1.0),19/01/22 11:00:00,A,FC_TRA_E,TOTAL,KTOE,EA19,2014,222239.101,
ESTAT:TEN00126(1.0),19/01/22 11:00:00,A,FC_TRA_E,TOTAL,KTOE,EA19,2015,223837.695,
ESTAT:TEN00126(1.0),19/01/22 11:00:00,A,FC_TRA_E,TOTAL,KTOE,EA19,2016,227328.396,
ESTAT:TEN00126(1.0),19/01/22 11:00:00,A,FC_TRA_E,TOTAL,KTOE,EA19,2017,229011.651,
ESTAT:TEN00126(1.0),19/01/22 11:00:00,A,FC_TRA_E,TOTAL,KTOE,EA19,2018,229214.175,
ESTAT:TEN00126(1.0),19/01/22 11:00:00,A,FC_TRA_E,TOTAL,KTOE,EA19,2019,230902.013,
ESTAT:TEN00126(1.0),19/01/22 11:00:00,A,FC_TRA_E,TOTAL,KTOE,EA19,2020,197151.914,
ESTAT:TEN00126(1.0),19/01/22 11:00:00,A,FC_TRA_E,TOTAL,KTOE,EE,2009,713.250,
ESTAT:TEN00126(1.0),19/01/22 11:00:00,A,FC_TRA_E,TOTAL,KTOE,EE,2010,754.608,
ESTAT:TEN00126(1.0),19/01/22 11:00:00,A,FC_TRA_E,TOTAL,KTOE,EE,2011,749.262,
ESTAT:TEN00126(1.0),19/01/22 11:00:00,A,FC_TRA_E,TOTAL,KTOE,EE,2012,757.812,
ESTAT:TEN00126(1.0),19/01/22 11:00:00,A,FC_TRA_E,TOTAL,KTOE,EE,2013,739.198,
ESTAT:TEN00126(1.0),19/01/22 11:00:00,A,FC_TRA_E,TOTAL,KTOE,EE,2014,741.510,
ESTAT:TEN00126(1.0),19/01/22 11:00:00,A,FC_TRA_E,TOTAL,KTOE,EE,2015,760.004,
ESTAT:TEN00126(1.0),19/01/22 11:00:00,A,FC_TRA_E,TOTAL,KTOE,EE,2016,776.895,
ESTAT:TEN00126(1.0),19/01/22 11:00:00,A,FC_TRA_E,TOTAL,KTOE,EE,2017,803.862,
ESTAT:TEN00126(1.0),19/01/22 11:00:00,A,FC_TRA_E,TOTAL,KTOE,EE,2018,832.121,
ESTAT:TEN00126(1.0),19/01/22 11:00:00,A,FC_TRA_E,TOTAL,KTOE,EE,2019,831.979,
ESTAT:TEN00126(1.0),19/01/22 11:00:00,A,FC_TRA_E,TOTAL,KTOE,EE,2020,792.765,
ESTAT:TEN00126(1.0),19/01/22 11:00:00,A,FC_TRA_E,TOTAL,KTOE,EL,2009,8354.058,
ESTAT:TEN00126(1.0),19/01/22 11:00:00,A,FC_TRA_E,TOTAL,KTOE,EL,2010,7476.887,
ESTAT:TEN00126(1.0),19/01/22 11:00:00,A,FC_TRA_E,TOTAL,KTOE,EL,2011,6705.525,
ESTAT:TEN00126(1.0),19/01/22 11:00:00,A,FC_TRA_E,TOTAL,KTOE,EL,2012,5615.546,
ESTAT:TEN00126(1.0),19/01/22 11:00:00,A,FC_TRA_E,TOTAL,KTOE,EL,2013,5608.770,
ESTAT:TEN00126(1.0),19/01/22 11:00:00,A,FC_TRA_E,TOTAL,KTOE,EL,2014,5635.497,
ESTAT:TEN00126(1.0),19/01/22 11:00:00,A,FC_TRA_E,TOTAL,KTOE,EL,2015,5753.399,
ESTAT:TEN00126(1.0),19/01/22 11:00:00,A,FC_TRA_E,TOTAL,KTOE,EL,2016,5897.048,
ESTAT:TEN00126(1.0),19/01/22 11:00:00,A,FC_TRA_E,TOTAL,KTOE,EL,2017,5815.313,
ESTAT:TEN00126(1.0),19/01/22 11:00:00,A,FC_TRA_E,TOTAL,KTOE,EL,2018,5897.204,
ESTAT:TEN00126(1.0),19/01/22 11:00:00,A,FC_TRA_E,TOTAL,KTOE,EL,2019,6046.004,
ESTAT:TEN00126(1.0),19/01/22 11:00:00,A,FC_TRA_E,TOTAL,KTOE,EL,2020,5142.007,
ESTAT:TEN00126(1.0),19/01/22 11:00:00,A,FC_TRA_E,TOTAL,KTOE,ES,2009,34807.408,
ESTAT:TEN00126(1.0),19/01/22 11:00:00,A,FC_TRA_E,TOTAL,KTOE,ES,2010,34247.277,
ESTAT:TEN00126(1.0),19/01/22 11:00:00,A,FC_TRA_E,TOTAL,KTOE,ES,2011,32463.578,
ESTAT:TEN00126(1.0),19/01/22 11:00:00,A,FC_TRA_E,TOTAL,KTOE,ES,2012,29785.944,
ESTAT:TEN00126(1.0),19/01/22 11:00:00,A,FC_TRA_E,TOTAL,KTOE,ES,2013,28189.828,
ESTAT:TEN00126(1.0),19/01/22 11:00:00,A,FC_TRA_E,TOTAL,KTOE,ES,2014,28413.265,
ESTAT:TEN00126(1.0),19/01/22 11:00:00,A,FC_TRA_E,TOTAL,KTOE,ES,2015,29426.255,
ESTAT:TEN00126(1.0),19/01/22 11:00:00,A,FC_TRA_E,TOTAL,KTOE,ES,2016,30616.378,
ESTAT:TEN00126(1.0),19/01/22 11:00:00,A,FC_TRA_E,TOTAL,KTOE,ES,2017,31731.648,
ESTAT:TEN00126(1.0),19/01/22 11:00:00,A,FC_TRA_E,TOTAL,KTOE,ES,2018,32531.635,
ESTAT:TEN00126(1.0),19/01/22 11:00:00,A,FC_TRA_E,TOTAL,KTOE,ES,2019,32951.155,
ESTAT:TEN00126(1.0),19/01/22 11:00:00,A,FC_TRA_E,TOTAL,KTOE,ES,2020,26162.033,
ESTAT:TEN00126(1.0),19/01/22 11:00:00,A,FC_TRA_E,TOTAL,KTOE,EU27_2020,2009,280618.705,
ESTAT:TEN00126(1.0),19/01/22 11:00:00,A,FC_TRA_E,TOTAL,KTOE,EU27_2020,2010,279967.207,
ESTAT:TEN00126(1.0),19/01/22 11:00:00,A,FC_TRA_E,TOTAL,KTOE,EU27_2020,2011,278927.981,
ESTAT:TEN00126(1.0),19/01/22 11:00:00,A,FC_TRA_E,TOTAL,KTOE,EU27_2020,2012,269164.775,
ESTAT:TEN00126(1.0),19/01/22 11:00:00,A,FC_TRA_E,TOTAL,KTOE,EU27_2020,2013,265646.991,
ESTAT:TEN00126(1.0),19/01/22 11:00:00,A,FC_TRA_E,TOTAL,KTOE,EU27_2020,2014,269127.741,
ESTAT:TEN00126(1.0),19/01/22 11:00:00,A,FC_TRA_E,TOTAL,KTOE,EU27_2020,2015,272834.671,
ESTAT:TEN00126(1.0),19/01/22 11:00:00,A,FC_TRA_E,TOTAL,KTOE,EU27_2020,2016,279114.659,
ESTAT:TEN00126(1.0),19/01/22 11:00:00,A,FC_TRA_E,TOTAL,KTOE,EU27_2020,2017,284800.490,
ESTAT:TEN00126(1.0),19/01/22 11:00:00,A,FC_TRA_E,TOTAL,KTOE,EU27_2020,2018,286272.524,
ESTAT:TEN00126(1.0),19/01/22 11:00:00,A,FC_TRA_E,TOTAL,KTOE,EU27_2020,2019,289014.600,
ESTAT:TEN00126(1.0),19/01/22 11:00:00,A,FC_TRA_E,TOTAL,KTOE,EU27_2020,2020,251970.093,
ESTAT:TEN00126(1.0),19/01/22 11:00:00,A,FC_TRA_E,TOTAL,KTOE,FI,2009,4131.599,
ESTAT:TEN00126(1.0),19/01/22 11:00:00,A,FC_TRA_E,TOTAL,KTOE,FI,2010,4304.201,
ESTAT:TEN00126(1.0),19/01/22 11:00:00,A,FC_TRA_E,TOTAL,KTOE,FI,2011,4300.510,
ESTAT:TEN00126(1.0),19/01/22 11:00:00,A,FC_TRA_E,TOTAL,KTOE,FI,2012,4197.694,
ESTAT:TEN00126(1.0),19/01/22 11:00:00,A,FC_TRA_E,TOTAL,KTOE,FI,2013,4209.977,
ESTAT:TEN00126(1.0),19/01/22 11:00:00,A,FC_TRA_E,TOTAL,KTOE,FI,2014,4113.791,
ESTAT:TEN00126(1.0),19/01/22 11:00:00,A,FC_TRA_E,TOTAL,KTOE,FI,2015,4105.519,
ESTAT:TEN00126(1.0),19/01/22 11:00:00,A,FC_TRA_E,TOTAL,KTOE,FI,2016,4180.495,
ESTAT:TEN00126(1.0),19/01/22 11:00:00,A,FC_TRA_E,TOTAL,KTOE,FI,2017,4194.606,
ESTAT:TEN00126(1.0),19/01/22 11:00:00,A,FC_TRA_E,TOTAL,KTOE,FI,2018,4242.019,
ESTAT:TEN00126(1.0),19/01/22 11:00:00,A,FC_TRA_E,TOTAL,KTOE,FI,2019,4178.236,
ESTAT:TEN00126(1.0),19/01/22 11:00:00,A,FC_TRA_E,TOTAL,KTOE,FI,2020,3882.493,
ESTAT:TEN00126(1.0),19/01/22 11:00:00,A,FC_TRA_E,TOTAL,KTOE,FR,2009,43544.413,
ESTAT:TEN00126(1.0),19/01/22 11:00:00,A,FC_TRA_E,TOTAL,KTOE,FR,2010,43568.598,
ESTAT:TEN00126(1.0),19/01/22 11:00:00,A,FC_TRA_E,TOTAL,KTOE,FR,2011,45242.109,
ESTAT:TEN00126(1.0),19/01/22 11:00:00,A,FC_TRA_E,TOTAL,KTOE,FR,2012,45123.116,
ESTAT:TEN00126(1.0),19/01/22 11:00:00,A,FC_TRA_E,TOTAL,KTOE,FR,2013,44815.853,
ESTAT:TEN00126(1.0),19/01/22 11:00:00,A,FC_TRA_E,TOTAL,KTOE,FR,2014,45076.465,
ESTAT:TEN00126(1.0),19/01/22 11:00:00,A,FC_TRA_E,TOTAL,KTOE,FR,2015,45539.463,
ESTAT:TEN00126(1.0),19/01/22 11:00:00,A,FC_TRA_E,TOTAL,KTOE,FR,2016,45704.835,
ESTAT:TEN00126(1.0),19/01/22 11:00:00,A,FC_TRA_E,TOTAL,KTOE,FR,2017,46056.598,
ESTAT:TEN00126(1.0),19/01/22 11:00:00,A,FC_TRA_E,TOTAL,KTOE,FR,2018,45104.155,
ESTAT:TEN00126(1.0),19/01/22 11:00:00,A,FC_TRA_E,TOTAL,KTOE,FR,2019,45100.234,
ESTAT:TEN00126(1.0),19/01/22 11:00:00,A,FC_TRA_E,TOTAL,KTOE,FR,2020,38218.653,
ESTAT:TEN00126(1.0),19/01/22 11:00:00,A,FC_TRA_E,TOTAL,KTOE,GE,2013,1110.934,
ESTAT:TEN00126(1.0),19/01/22 11:00:00,A,FC_TRA_E,TOTAL,KTOE,GE,2014,1256.162,
ESTAT:TEN00126(1.0),19/01/22 11:00:00,A,FC_TRA_E,TOTAL,KTOE,GE,2015,1365.340,
ESTAT:TEN00126(1.0),19/01/22 11:00:00,A,FC_TRA_E,TOTAL,KTOE,GE,2016,1524.342,
ESTAT:TEN00126(1.0),19/01/22 11:00:00,A,FC_TRA_E,TOTAL,KTOE,GE,2017,1384.402,
ESTAT:TEN00126(1.0),19/01/22 11:00:00,A,FC_TRA_E,TOTAL,KTOE,GE,2018,1352.728,
ESTAT:TEN00126(1.0),19/01/22 11:00:00,A,FC_TRA_E,TOTAL,KTOE,GE,2019,1404.052,
ESTAT:TEN00126(1.0),19/01/22 11:00:00,A,FC_TRA_E,TOTAL,KTOE,GE,2020,1340.380,
ESTAT:TEN00126(1.0),19/01/22 11:00:00,A,FC_TRA_E,TOTAL,KTOE,HR,2009,2068.966,
ESTAT:TEN00126(1.0),19/01/22 11:00:00,A,FC_TRA_E,TOTAL,KTOE,HR,2010,1981.140,
ESTAT:TEN00126(1.0),19/01/22 11:00:00,A,FC_TRA_E,TOTAL,KTOE,HR,2011,1942.858,
ESTAT:TEN00126(1.0),19/01/22 11:00:00,A,FC_TRA_E,TOTAL,KTOE,HR,2012,1904.545,
ESTAT:TEN00126(1.0),19/01/22 11:00:00,A,FC_TRA_E,TOTAL,KTOE,HR,2013,1925.168,
ESTAT:TEN00126(1.0),19/01/22 11:00:00,A,FC_TRA_E,TOTAL,KTOE,HR,2014,1901.456,
ESTAT:TEN00126(1.0),19/01/22 11:00:00,A,FC_TRA_E,TOTAL,KTOE,HR,2015,1997.376,
ESTAT:TEN00126(1.0),19/01/22 11:00:00,A,FC_TRA_E,TOTAL,KTOE,HR,2016,2044.565,
ESTAT:TEN00126(1.0),19/01/22 11:00:00,A,FC_TRA_E,TOTAL,KTOE,HR,2017,2196.674,
ESTAT:TEN00126(1.0),19/01/22 11:00:00,A,FC_TRA_E,TOTAL,KTOE,HR,2018,2146.863,
ESTAT:TEN00126(1.0),19/01/22 11:00:00,A,FC_TRA_E,TOTAL,KTOE,HR,2019,2235.149,
ESTAT:TEN00126(1.0),19/01/22 11:00:00,A,FC_TRA_E,TOTAL,KTOE,HR,2020,1968.602,
ESTAT:TEN00126(1.0),19/01/22 11:00:00,A,FC_TRA_E,TOTAL,KTOE,HU,2009,4480.534,
ESTAT:TEN00126(1.0),19/01/22 11:00:00,A,FC_TRA_E,TOTAL,KTOE,HU,2010,4089.374,
ESTAT:TEN00126(1.0),19/01/22 11:00:00,A,FC_TRA_E,TOTAL,KTOE,HU,2011,3812.948,
ESTAT:TEN00126(1.0),19/01/22 11:00:00,A,FC_TRA_E,TOTAL,KTOE,HU,2012,3692.233,
ESTAT:TEN00126(1.0),19/01/22 11:00:00,A,FC_TRA_E,TOTAL,KTOE,HU,2013,3459.986,
ESTAT:TEN00126(1.0),19/01/22 11:00:00,A,FC_TRA_E,TOTAL,KTOE,HU,2014,3873.295,
ESTAT:TEN00126(1.0),19/01/22 11:00:00,A,FC_TRA_E,TOTAL,KTOE,HU,2015,4181.253,
ESTAT:TEN00126(1.0),19/01/22 11:00:00,A,FC_TRA_E,TOTAL,KTOE,HU,2016,4261.874,
ESTAT:TEN00126(1.0),19/01/22 11:00:00,A,FC_TRA_E,TOTAL,KTOE,HU,2017,4496.778,
ESTAT:TEN00126(1.0),19/01/22 11:00:00,A,FC_TRA_E,TOTAL,KTOE,HU,2018,4790.228,
ESTAT:TEN00126(1.0),19/01/22 11:00:00,A,FC_TRA_E,TOTAL,KTOE,HU,2019,5070.454,
ESTAT:TEN00126(1.0),19/01/22 11:00:00,A,FC_TRA_E,TOTAL,KTOE,HU,2020,4459.340,
ESTAT:TEN00126(1.0),19/01/22 11:00:00,A,FC_TRA_E,TOTAL,KTOE,IE,2009,4162.232,
ESTAT:TEN00126(1.0),19/01/22 11:00:00,A,FC_TRA_E,TOTAL,KTOE,IE,2010,3907.952,
ESTAT:TEN00126(1.0),19/01/22 11:00:00,A,FC_TRA_E,TOTAL,KTOE,IE,2011,3706.343,
ESTAT:TEN00126(1.0),19/01/22 11:00:00,A,FC_TRA_E,TOTAL,KTOE,IE,2012,3626.675,
ESTAT:TEN00126(1.0),19/01/22 11:00:00,A,FC_TRA_E,TOTAL,KTOE,IE,2013,3687.125,
ESTAT:TEN00126(1.0),19/01/22 11:00:00,A,FC_TRA_E,TOTAL,KTOE,IE,2014,3837.779,
ESTAT:TEN00126(1.0),19/01/22 11:00:00,A,FC_TRA_E,TOTAL,KTOE,IE,2015,3886.285,
ESTAT:TEN00126(1.0),19/01/22 11:00:00,A,FC_TRA_E,TOTAL,KTOE,IE,2016,4098.209,
ESTAT:TEN00126(1.0),19/01/22 11:00:00,A,FC_TRA_E,TOTAL,KTOE,IE,2017,4052.020,
ESTAT:TEN00126(1.0),19/01/22 11:00:00,A,FC_TRA_E,TOTAL,KTOE,IE,2018,4096.898,
ESTAT:TEN00126(1.0),19/01/22 11:00:00,A,FC_TRA_E,TOTAL,KTOE,IE,2019,4123.935,
ESTAT:TEN00126(1.0),19/01/22 11:00:00,A,FC_TRA_E,TOTAL,KTOE,IE,2020,3478.749,
ESTAT:TEN00126(1.0),19/01/22 11:00:00,A,FC_TRA_E,TOTAL,KTOE,IS,2009,299.921,
ESTAT:TEN00126(1.0),19/01/22 11:00:00,A,FC_TRA_E,TOTAL,KTOE,IS,2010,284.454,
ESTAT:TEN00126(1.0),19/01/22 11:00:00,A,FC_TRA_E,TOTAL,KTOE,IS,2011,275.915,
ESTAT:TEN00126(1.0),19/01/22 11:00:00,A,FC_TRA_E,TOTAL,KTOE,IS,2012,270.221,
ESTAT:TEN00126(1.0),19/01/22 11:00:00,A,FC_TRA_E,TOTAL,KTOE,IS,2013,277.329,
ESTAT:TEN00126(1.0),19/01/22 11:00:00,A,FC_TRA_E,TOTAL,KTOE,IS,2014,278.661,
ESTAT:TEN00126(1.0),19/01/22 11:00:00,A,FC_TRA_E,TOTAL,KTOE,IS,2015,300.785,
ESTAT:TEN00126(1.0),19/01/22 11:00:00,A,FC_TRA_E,TOTAL,KTOE,IS,2016,333.071,
ESTAT:TEN00126(1.0),19/01/22 11:00:00,A,FC_TRA_E,TOTAL,KTOE,IS,2017,352.870,
ESTAT:TEN00126(1.0),19/01/22 11:00:00,A,FC_TRA_E,TOTAL,KTOE,IS,2018,369.539,
ESTAT:TEN00126(1.0),19/01/22 11:00:00,A,FC_TRA_E,TOTAL,KTOE,IS,2019,360.095,
ESTAT:TEN00126(1.0),19/01/22 11:00:00,A,FC_TRA_E,TOTAL,KTOE,IS,2020,305.373,
ESTAT:TEN00126(1.0),19/01/22 11:00:00,A,FC_TRA_E,TOTAL,KTOE,IT,2009,39131.363,
ESTAT:TEN00126(1.0),19/01/22 11:00:00,A,FC_TRA_E,TOTAL,KTOE,IT,2010,38566.288,
ESTAT:TEN00126(1.0),19/01/22 11:00:00,A,FC_TRA_E,TOTAL,KTOE,IT,2011,38572.097,
ESTAT:TEN00126(1.0),19/01/22 11:00:00,A,FC_TRA_E,TOTAL,KTOE,IT,2012,36348.734,
ESTAT:TEN00126(1.0),19/01/22 11:00:00,A,FC_TRA_E,TOTAL,KTOE,IT,2013,35701.272,
ESTAT:TEN00126(1.0),19/01/22 11:00:00,A,FC_TRA_E,TOTAL,KTOE,IT,2014,37009.372,
ESTAT:TEN00126(1.0),19/01/22 11:00:00,A,FC_TRA_E,TOTAL,KTOE,IT,2015,36374.374,
ESTAT:TEN00126(1.0),19/01/22 11:00:00,A,FC_TRA_E,TOTAL,KTOE,IT,2016,35814.501,
ESTAT:TEN00126(1.0),19/01/22 11:00:00,A,FC_TRA_E,TOTAL,KTOE,IT,2017,34525.408,
ESTAT:TEN00126(1.0),19/01/22 11:00:00,A,FC_TRA_E,TOTAL,KTOE,IT,2018,35579.484,
ESTAT:TEN00126(1.0),19/01/22 11:00:00,A,FC_TRA_E,TOTAL,KTOE,IT,2019,35861.202,
ESTAT:TEN00126(1.0),19/01/22 11:00:00,A,FC_TRA_E,TOTAL,KTOE,IT,2020,28976.458,
ESTAT:TEN00126(1.0),19/01/22 11:00:00,A,FC_TRA_E,TOTAL,KTOE,LT,2009,1465.602,
ESTAT:TEN00126(1.0),19/01/22 11:00:00,A,FC_TRA_E,TOTAL,KTOE,LT,2010,1497.054,
ESTAT:TEN00126(1.0),19/01/22 11:00:00,A,FC_TRA_E,TOTAL,KTOE,LT,2011,1483.642,
ESTAT:TEN00126(1.0),19/01/22 11:00:00,A,FC_TRA_E,TOTAL,KTOE,LT,2012,1508.424,
ESTAT:TEN00126(1.0),19/01/22 11:00:00,A,FC_TRA_E,TOTAL,KTOE,LT,2013,1502.068,
ESTAT:TEN00126(1.0),19/01/22 11:00:00,A,FC_TRA_E,TOTAL,KTOE,LT,2014,1662.623,
ESTAT:TEN00126(1.0),19/01/22 11:00:00,A,FC_TRA_E,TOTAL,KTOE,LT,2015,1750.186,
ESTAT:TEN00126(1.0),19/01/22 11:00:00,A,FC_TRA_E,TOTAL,KTOE,LT,2016,1864.513,
ESTAT:TEN00126(1.0),19/01/22 11:00:00,A,FC_TRA_E,TOTAL,KTOE,LT,2017,1960.025,
ESTAT:TEN00126(1.0),19/01/22 11:00:00,A,FC_TRA_E,TOTAL,KTOE,LT,2018,2081.494,
ESTAT:TEN00126(1.0),19/01/22 11:00:00,A,FC_TRA_E,TOTAL,KTOE,LT,2019,2150.671,
ESTAT:TEN00126(1.0),19/01/22 11:00:00,A,FC_TRA_E,TOTAL,KTOE,LT,2020,2126.456,
ESTAT:TEN00126(1.0),19/01/22 11:00:00,A,FC_TRA_E,TOTAL,KTOE,LU,2009,2060.482,
ESTAT:TEN00126(1.0),19/01/22 11:00:00,A,FC_TRA_E,TOTAL,KTOE,LU,2010,2176.135,
ESTAT:TEN00126(1.0),19/01/22 11:00:00,A,FC_TRA_E,TOTAL,KTOE,LU,2011,2307.877,
ESTAT:TEN00126(1.0),19/01/22 11:00:00,A,FC_TRA_E,TOTAL,KTOE,LU,2012,2207.321,
ESTAT:TEN00126(1.0),19/01/22 11:00:00,A,FC_TRA_E,TOTAL,KTOE,LU,2013,2166.737,
ESTAT:TEN00126(1.0),19/01/22 11:00:00,A,FC_TRA_E,TOTAL,KTOE,LU,2014,2086.962,
ESTAT:TEN00126(1.0),19/01/22 11:00:00,A,FC_TRA_E,TOTAL,KTOE,LU,2015,1958.228,
ESTAT:TEN00126(1.0),19/01/22 11:00:00,A,FC_TRA_E,TOTAL,KTOE,LU,2016,1907.236,
ESTAT:TEN00126(1.0),19/01/22 11:00:00,A,FC_TRA_E,TOTAL,KTOE,LU,2017,1966.428,
ESTAT:TEN00126(1.0),19/01/22 11:00:00,A,FC_TRA_E,TOTAL,KTOE,LU,2018,2101.340,
ESTAT:TEN00126(1.0),19/01/22 11:00:00,A,FC_TRA_E,TOTAL,KTOE,LU,2019,2153.407,
ESTAT:TEN00126(1.0),19/01/22 11:00:00,A,FC_TRA_E,TOTAL,KTOE,LU,2020,1668.440,
ESTAT:TEN00126(1.0),19/01/22 11:00:00,A,FC_TRA_E,TOTAL,KTOE,LV,2009,1038.946,
ESTAT:TEN00126(1.0),19/01/22 11:00:00,A,FC_TRA_E,TOTAL,KTOE,LV,2010,1083.453,
ESTAT:TEN00126(1.0),19/01/22 11:00:00,A,FC_TRA_E,TOTAL,KTOE,LV,2011,964.755,
ESTAT:TEN00126(1.0),19/01/22 11:00:00,A,FC_TRA_E,TOTAL,KTOE,LV,2012,929.636,
ESTAT:TEN00126(1.0),19/01/22 11:00:00,A,FC_TRA_E,TOTAL,KTOE,LV,2013,939.540,
ESTAT:TEN00126(1.0),19/01/22 11:00:00,A,FC_TRA_E,TOTAL,KTOE,LV,2014,982.367,
ESTAT:TEN00126(1.0),19/01/22 11:00:00,A,FC_TRA_E,TOTAL,KTOE,LV,2015,1037.650,
ESTAT:TEN00126(1.0),19/01/22 11:00:00,A,FC_TRA_E,TOTAL,KTOE,LV,2016,1033.562,
ESTAT:TEN00126(1.0),19/01/22 11:00:00,A,FC_TRA_E,TOTAL,KTOE,LV,2017,1080.824,
ESTAT:TEN00126(1.0),19/01/22 11:00:00,A,FC_TRA_E,TOTAL,KTOE,LV,2018,1108.725,
ESTAT:TEN00126(1.0),19/01/22 11:00:00,A,FC_TRA_E,TOTAL,KTOE,LV,2019,1098.869,
ESTAT:TEN00126(1.0),19/01/22 11:00:00,A,FC_TRA_E,TOTAL,KTOE,LV,2020,1045.500,
ESTAT:TEN00126(1.0),19/01/22 11:00:00,A,FC_TRA_E,TOTAL,KTOE,MD,2010,580.411,
ESTAT:TEN00126(1.0),19/01/22 11:00:00,A,FC_TRA_E,TOTAL,KTOE,MD,2011,620.914,
ESTAT:TEN00126(1.0),19/01/22 11:00:00,A,FC_TRA_E,TOTAL,KTOE,MD,2012,546.328,
ESTAT:TEN00126(1.0),19/01/22 11:00:00,A,FC_TRA_E,TOTAL,KTOE,MD,2013,573.806,
ESTAT:TEN00126(1.0),19/01/22 11:00:00,A,FC_TRA_E,TOTAL,KTOE,MD,2014,593.361,
ESTAT:TEN00126(1.0),19/01/22 11:00:00,A,FC_TRA_E,TOTAL,KTOE,MD,2015,648.600,
ESTAT:TEN00126(1.0),19/01/22 11:00:00,A,FC_TRA_E,TOTAL,KTOE,MD,2016,682.370,
ESTAT:TEN00126(1.0),19/01/22 11:00:00,A,FC_TRA_E,TOTAL,KTOE,MD,2017,687.658,
ESTAT:TEN00126(1.0),19/01/22 11:00:00,A,FC_TRA_E,TOTAL,KTOE,MD,2018,700.196,
ESTAT:TEN00126(1.0),19/01/22 11:00:00,A,FC_TRA_E,TOTAL,KTOE,MD,2019,717.605,
ESTAT:TEN00126(1.0),19/01/22 11:00:00,A,FC_TRA_E,TOTAL,KTOE,MD,2020,667.422,
ESTAT:TEN00126(1.0),19/01/22 11:00:00,A,FC_TRA_E,TOTAL,KTOE,ME,2009,209.464,
ESTAT:TEN00126(1.0),19/01/22 11:00:00,A,FC_TRA_E,TOTAL,KTOE,ME,2010,229.896,
ESTAT:TEN00126(1.0),19/01/22 11:00:00,A,FC_TRA_E,TOTAL,KTOE,ME,2011,213.102,
ESTAT:TEN00126(1.0),19/01/22 11:00:00,A,FC_TRA_E,TOTAL,KTOE,ME,2012,202.848,
ESTAT:TEN00126(1.0),19/01/22 11:00:00,A,FC_TRA_E,TOTAL,KTOE,ME,2013,165.309,
ESTAT:TEN00126(1.0),19/01/22 11:00:00,A,FC_TRA_E,TOTAL,KTOE,ME,2014,162.866,
ESTAT:TEN00126(1.0),19/01/22 11:00:00,A,FC_TRA_E,TOTAL,KTOE,ME,2015,186.645,
ESTAT:TEN00126(1.0),19/01/22 11:00:00,A,FC_TRA_E,TOTAL,KTOE,ME,2016,219.419,
ESTAT:TEN00126(1.0),19/01/22 11:00:00,A,FC_TRA_E,TOTAL,KTOE,ME,2017,235.525,
ESTAT:TEN00126(1.0),19/01/22 11:00:00,A,FC_TRA_E,TOTAL,KTOE,ME,2018,252.719,
ESTAT:TEN00126(1.0),19/01/22 11:00:00,A,FC_TRA_E,TOTAL,KTOE,ME,2019,265.685,
ESTAT:TEN00126(1.0),19/01/22 11:00:00,A,FC_TRA_E,TOTAL,KTOE,ME,2020,225.951,
ESTAT:TEN00126(1.0),19/01/22 11:00:00,A,FC_TRA_E,TOTAL,KTOE,MK,2009,434.746,
ESTAT:TEN00126(1.0),19/01/22 11:00:00,A,FC_TRA_E,TOTAL,KTOE,MK,2010,454.289,
ESTAT:TEN00126(1.0),19/01/22 11:00:00,A,FC_TRA_E,TOTAL,KTOE,MK,2011,475.330,
ESTAT:TEN00126(1.0),19/01/22 11:00:00,A,FC_TRA_E,TOTAL,KTOE,MK,2012,453.275,
ESTAT:TEN00126(1.0),19/01/22 11:00:00,A,FC_TRA_E,TOTAL,KTOE,MK,2013,514.739,
ESTAT:TEN00126(1.0),19/01/22 11:00:00,A,FC_TRA_E,TOTAL,KTOE,MK,2014,537.470,
ESTAT:TEN00126(1.0),19/01/22 11:00:00,A,FC_TRA_E,TOTAL,KTOE,MK,2015,596.422,
ESTAT:TEN00126(1.0),19/01/22 11:00:00,A,FC_TRA_E,TOTAL,KTOE,MK,2016,679.961,
ESTAT:TEN00126(1.0),19/01/22 11:00:00,A,FC_TRA_E,TOTAL,KTOE,MK,2017,705.735,
ESTAT:TEN00126(1.0),19/01/22 11:00:00,A,FC_TRA_E,TOTAL,KTOE,MK,2018,705.468,
ESTAT:TEN00126(1.0),19/01/22 11:00:00,A,FC_TRA_E,TOTAL,KTOE,MK,2019,762.509,
ESTAT:TEN00126(1.0),19/01/22 11:00:00,A,FC_TRA_E,TOTAL,KTOE,MK,2020,646.867,
ESTAT:TEN00126(1.0),19/01/22 11:00:00,A,FC_TRA_E,TOTAL,KTOE,MT,2009,169.390,
ESTAT:TEN00126(1.0),19/01/22 11:00:00,A,FC_TRA_E,TOTAL,KTOE,MT,2010,185.188,
ESTAT:TEN00126(1.0),19/01/22 11:00:00,A,FC_TRA_E,TOTAL,KTOE,MT,2011,183.239,
ESTAT:TEN00126(1.0),19/01/22 11:00:00,A,FC_TRA_E,TOTAL,KTOE,MT,2012,181.194,
ESTAT:TEN00126(1.0),19/01/22 11:00:00,A,FC_TRA_E,TOTAL,KTOE,MT,2013,183.709,
ESTAT:TEN00126(1.0),19/01/22 11:00:00,A,FC_TRA_E,TOTAL,KTOE,MT,2014,187.942,
ESTAT:TEN00126(1.0),19/01/22 11:00:00,A,FC_TRA_E,TOTAL,KTOE,MT,2015,199.764,
ESTAT:TEN00126(1.0),19/01/22 11:00:00,A,FC_TRA_E,TOTAL,KTOE,MT,2016,199.742,
ESTAT:TEN00126(1.0),19/01/22 11:00:00,A,FC_TRA_E,TOTAL,KTOE,MT,2017,207.327,
ESTAT:TEN00126(1.0),19/01/22 11:00:00,A,FC_TRA_E,TOTAL,KTOE,MT,2018,231.472,
ESTAT:TEN00126(1.0),19/01/22 11:00:00,A,FC_TRA_E,TOTAL,KTOE,MT,2019,246.232,
ESTAT:TEN00126(1.0),19/01/22 11:00:00,A,FC_TRA_E,TOTAL,KTOE,MT,2020,202.598,
ESTAT:TEN00126(1.0),19/01/22 11:00:00,A,FC_TRA_E,TOTAL,KTOE,NL,2009,11596.581,
ESTAT:TEN00126(1.0),19/01/22 11:00:00,A,FC_TRA_E,TOTAL,KTOE,NL,2010,11656.504,
ESTAT:TEN00126(1.0),19/01/22 11:00:00,A,FC_TRA_E,TOTAL,KTOE,NL,2011,11786.205,
ESTAT:TEN00126(1.0),19/01/22 11:00:00,A,FC_TRA_E,TOTAL,KTOE,NL,2012,11278.336,
ESTAT:TEN00126(1.0),19/01/22 11:00:00,A,FC_TRA_E,TOTAL,KTOE,NL,2013,10984.586,
ESTAT:TEN00126(1.0),19/01/22 11:00:00,A,FC_TRA_E,TOTAL,KTOE,NL,2014,10261.810,
ESTAT:TEN00126(1.0),19/01/22 11:00:00,A,FC_TRA_E,TOTAL,KTOE,NL,2015,10408.128,
ESTAT:TEN00126(1.0),19/01/22 11:00:00,A,FC_TRA_E,TOTAL,KTOE,NL,2016,10408.003,
ESTAT:TEN00126(1.0),19/01/22 11:00:00,A,FC_TRA_E,TOTAL,KTOE,NL,2017,10611.031,
ESTAT:TEN00126(1.0),19/01/22 11:00:00,A,FC_TRA_E,TOTAL,KTOE,NL,2018,10951.856,
ESTAT:TEN00126(1.0),19/01/22 11:00:00,A,FC_TRA_E,TOTAL,KTOE,NL,2019,10876.185,
ESTAT:TEN00126(1.0),19/01/22 11:00:00,A,FC_TRA_E,TOTAL,KTOE,NL,2020,9299.420,
ESTAT:TEN00126(1.0),19/01/22 11:00:00,A,FC_TRA_E,TOTAL,KTOE,NO,2009,4681.502,
ESTAT:TEN00126(1.0),19/01/22 11:00:00,A,FC_TRA_E,TOTAL,KTOE,NO,2010,4859.966,
ESTAT:TEN00126(1.0),19/01/22 11:00:00,A,FC_TRA_E,TOTAL,KTOE,NO,2011,4851.795,
ESTAT:TEN00126(1.0),19/01/22 11:00:00,A,FC_TRA_E,TOTAL,KTOE,NO,2012,4918.919,
ESTAT:TEN00126(1.0),19/01/22 11:00:00,A,FC_TRA_E,TOTAL,KTOE,NO,2013,4893.938,
ESTAT:TEN00126(1.0),19/01/22 11:00:00,A,FC_TRA_E,TOTAL,KTOE,NO,2014,5018.351,
ESTAT:TEN00126(1.0),19/01/22 11:00:00,A,FC_TRA_E,TOTAL,KTOE,NO,2015,4987.396,
ESTAT:TEN00126(1.0),19/01/22 11:00:00,A,FC_TRA_E,TOTAL,KTOE,NO,2016,4997.174,
ESTAT:TEN00126(1.0),19/01/22 11:00:00,A,FC_TRA_E,TOTAL,KTOE,NO,2017,4887.664,
ESTAT:TEN00126(1.0),19/01/22 11:00:00,A,FC_TRA_E,TOTAL,KTOE,NO,2018,4796.829,
ESTAT:TEN00126(1.0),19/01/22 11:00:00,A,FC_TRA_E,TOTAL,KTOE,NO,2019,4837.982,
ESTAT:TEN00126(1.0),19/01/22 11:00:00,A,FC_TRA_E,TOTAL,KTOE,NO,2020,4516.030,
ESTAT:TEN00126(1.0),19/01/22 11:00:00,A,FC_TRA_E,TOTAL,KTOE,PL,2009,16162.094,
ESTAT:TEN00126(1.0),19/01/22 11:00:00,A,FC_TRA_E,TOTAL,KTOE,PL,2010,17187.318,
ESTAT:TEN00126(1.0),19/01/22 11:00:00,A,FC_TRA_E,TOTAL,KTOE,PL,2011,17408.462,
ESTAT:TEN00126(1.0),19/01/22 11:00:00,A,FC_TRA_E,TOTAL,KTOE,PL,2012,16680.367,
ESTAT:TEN00126(1.0),19/01/22 11:00:00,A,FC_TRA_E,TOTAL,KTOE,PL,2013,15744.034,
ESTAT:TEN00126(1.0),19/01/22 11:00:00,A,FC_TRA_E,TOTAL,KTOE,PL,2014,15804.963,
ESTAT:TEN00126(1.0),19/01/22 11:00:00,A,FC_TRA_E,TOTAL,KTOE,PL,2015,16561.073,
ESTAT:TEN00126(1.0),19/01/22 11:00:00,A,FC_TRA_E,TOTAL,KTOE,PL,2016,18557.186,
ESTAT:TEN00126(1.0),19/01/22 11:00:00,A,FC_TRA_E,TOTAL,KTOE,PL,2017,21431.698,
ESTAT:TEN00126(1.0),19/01/22 11:00:00,A,FC_TRA_E,TOTAL,KTOE,PL,2018,22349.398,
ESTAT:TEN00126(1.0),19/01/22 11:00:00,A,FC_TRA_E,TOTAL,KTOE,PL,2019,22782.296,
ESTAT:TEN00126(1.0),19/01/22 11:00:00,A,FC_TRA_E,TOTAL,KTOE,PL,2020,21778.636,
ESTAT:TEN00126(1.0),19/01/22 11:00:00,A,FC_TRA_E,TOTAL,KTOE,PT,2009,6506.562,
ESTAT:TEN00126(1.0),19/01/22 11:00:00,A,FC_TRA_E,TOTAL,KTOE,PT,2010,6465.711,
ESTAT:TEN00126(1.0),19/01/22 11:00:00,A,FC_TRA_E,TOTAL,KTOE,PT,2011,6002.257,
ESTAT:TEN00126(1.0),19/01/22 11:00:00,A,FC_TRA_E,TOTAL,KTOE,PT,2012,5531.309,
ESTAT:TEN00126(1.0),19/01/22 11:00:00,A,FC_TRA_E,TOTAL,KTOE,PT,2013,5435.469,
ESTAT:TEN00126(1.0),19/01/22 11:00:00,A,FC_TRA_E,TOTAL,KTOE,PT,2014,5464.228,
ESTAT:TEN00126(1.0),19/01/22 11:00:00,A,FC_TRA_E,TOTAL,KTOE,PT,2015,5555.183,
ESTAT:TEN00126(1.0),19/01/22 11:00:00,A,FC_TRA_E,TOTAL,KTOE,PT,2016,5690.973,
ESTAT:TEN00126(1.0),19/01/22 11:00:00,A,FC_TRA_E,TOTAL,KTOE,PT,2017,5788.829,
ESTAT:TEN00126(1.0),19/01/22 11:00:00,A,FC_TRA_E,TOTAL,KTOE,PT,2018,5848.197,
ESTAT:TEN00126(1.0),19/01/22 11:00:00,A,FC_TRA_E,TOTAL,KTOE,PT,2019,5983.256,
ESTAT:TEN00126(1.0),19/01/22 11:00:00,A,FC_TRA_E,TOTAL,KTOE,PT,2020,5009.318,
ESTAT:TEN00126(1.0),19/01/22 11:00:00,A,FC_TRA_E,TOTAL,KTOE,RO,2009,5268.425,
ESTAT:TEN00126(1.0),19/01/22 11:00:00,A,FC_TRA_E,TOTAL,KTOE,RO,2010,4965.841,
ESTAT:TEN00126(1.0),19/01/22 11:00:00,A,FC_TRA_E,TOTAL,KTOE,RO,2011,5212.550,
ESTAT:TEN00126(1.0),19/01/22 11:00:00,A,FC_TRA_E,TOTAL,KTOE,RO,2012,5314.735,
ESTAT:TEN00126(1.0),19/01/22 11:00:00,A,FC_TRA_E,TOTAL,KTOE,RO,2013,5188.743,
ESTAT:TEN00126(1.0),19/01/22 11:00:00,A,FC_TRA_E,TOTAL,KTOE,RO,2014,5266.333,
ESTAT:TEN00126(1.0),19/01/22 11:00:00,A,FC_TRA_E,TOTAL,KTOE,RO,2015,5337.702,
ESTAT:TEN00126(1.0),19/01/22 11:00:00,A,FC_TRA_E,TOTAL,KTOE,RO,2016,5738.034,
ESTAT:TEN00126(1.0),19/01/22 11:00:00,A,FC_TRA_E,TOTAL,KTOE,RO,2017,6149.188,
ESTAT:TEN00126(1.0),19/01/22 11:00:00,A,FC_TRA_E,TOTAL,KTOE,RO,2018,6303.748,
ESTAT:TEN00126(1.0),19/01/22 11:00:00,A,FC_TRA_E,TOTAL,KTOE,RO,2019,6571.907,
ESTAT:TEN00126(1.0),19/01/22 11:00:00,A,FC_TRA_E,TOTAL,KTOE,RO,2020,6460.800,
ESTAT:TEN00126(1.0),19/01/22 11:00:00,A,FC_TRA_E,TOTAL,KTOE,RS,2009,2248.467,
ESTAT:TEN00126(1.0),19/01/22 11:00:00,A,FC_TRA_E,TOTAL,KTOE,RS,2010,2230.695,
ESTAT:TEN00126(1.0),19/01/22 11:00:00,A,FC_TRA_E,TOTAL,KTOE,RS,2011,2042.180,
ESTAT:TEN00126(1.0),19/01/22 11:00:00,A,FC_TRA_E,TOTAL,KTOE,RS,2012,1806.836,
ESTAT:TEN00126(1.0),19/01/22 11:00:00,A,FC_TRA_E,TOTAL,KTOE,RS,2013,1972.215,
ESTAT:TEN00126(1.0),19/01/22 11:00:00,A,FC_TRA_E,TOTAL,KTOE,RS,2014,2041.408,
ESTAT:TEN00126(1.0),19/01/22 11:00:00,A,FC_TRA_E,TOTAL,KTOE,RS,2015,1986.102,
ESTAT:TEN00126(1.0),19/01/22 11:00:00,A,FC_TRA_E,TOTAL,KTOE,RS,2016,2029.445,
ESTAT:TEN00126(1.0),19/01/22 11:00:00,A,FC_TRA_E,TOTAL,KTOE,RS,2017,2113.345,
ESTAT:TEN00126(1.0),19/01/22 11:00:00,A,FC_TRA_E,TOTAL,KTOE,RS,2018,2136.951,
ESTAT:TEN00126(1.0),19/01/22 11:00:00,A,FC_TRA_E,TOTAL,KTOE,RS,2019,2306.862,
ESTAT:TEN00126(1.0),19/01/22 11:00:00,A,FC_TRA_E,TOTAL,KTOE,RS,2020,2196.880,
ESTAT:TEN00126(1.0),19/01/22 11:00:00,A,FC_TRA_E,TOTAL,KTOE,SE,2009,7375.187,
ESTAT:TEN00126(1.0),19/01/22 11:00:00,A,FC_TRA_E,TOTAL,KTOE,SE,2010,7502.590,
ESTAT:TEN00126(1.0),19/01/22 11:00:00,A,FC_TRA_E,TOTAL,KTOE,SE,2011,7510.930,
ESTAT:TEN00126(1.0),19/01/22 11:00:00,A,FC_TRA_E,TOTAL,KTOE,SE,2012,7232.473,
ESTAT:TEN00126(1.0),19/01/22 11:00:00,A,FC_TRA_E,TOTAL,KTOE,SE,2013,7148.502,
ESTAT:TEN00126(1.0),19/01/22 11:00:00,A,FC_TRA_E,TOTAL,KTOE,SE,2014,7145.920,
ESTAT:TEN00126(1.0),19/01/22 11:00:00,A,FC_TRA_E,TOTAL,KTOE,SE,2015,7295.500,
ESTAT:TEN00126(1.0),19/01/22 11:00:00,A,FC_TRA_E,TOTAL,KTOE,SE,2016,7224.832,
ESTAT:TEN00126(1.0),19/01/22 11:00:00,A,FC_TRA_E,TOTAL,KTOE,SE,2017,7307.861,
ESTAT:TEN00126(1.0),19/01/22 11:00:00,A,FC_TRA_E,TOTAL,KTOE,SE,2018,7127.429,
ESTAT:TEN00126(1.0),19/01/22 11:00:00,A,FC_TRA_E,TOTAL,KTOE,SE,2019,7028.281,
ESTAT:TEN00126(1.0),19/01/22 11:00:00,A,FC_TRA_E,TOTAL,KTOE,SE,2020,6619.716,
ESTAT:TEN00126(1.0),19/01/22 11:00:00,A,FC_TRA_E,TOTAL,KTOE,SI,2009,1719.587,
ESTAT:TEN00126(1.0),19/01/22 11:00:00,A,FC_TRA_E,TOTAL,KTOE,SI,2010,1778.392,
ESTAT:TEN00126(1.0),19/01/22 11:00:00,A,FC_TRA_E,TOTAL,KTOE,SI,2011,1882.202,
ESTAT:TEN00126(1.0),19/01/22 11:00:00,A,FC_TRA_E,TOTAL,KTOE,SI,2012,1899.103,
ESTAT:TEN00126(1.0),19/01/22 11:00:00,A,FC_TRA_E,TOTAL,KTOE,SI,2013,1809.666,
ESTAT:TEN00126(1.0),19/01/22 11:00:00,A,FC_TRA_E,TOTAL,KTOE,SI,2014,1794.900,
ESTAT:TEN00126(1.0),19/01/22 11:00:00,A,FC_TRA_E,TOTAL,KTOE,SI,2015,1772.570,
ESTAT:TEN00126(1.0),19/01/22 11:00:00,A,FC_TRA_E,TOTAL,KTOE,SI,2016,1882.533,
ESTAT:TEN00126(1.0),19/01/22 11:00:00,A,FC_TRA_E,TOTAL,KTOE,SI,2017,1934.203,
ESTAT:TEN00126(1.0),19/01/22 11:00:00,A,FC_TRA_E,TOTAL,KTOE,SI,2018,1974.630,
ESTAT:TEN00126(1.0),19/01/22 11:00:00,A,FC_TRA_E,TOTAL,KTOE,SI,2019,1926.584,
ESTAT:TEN00126(1.0),19/01/22 11:00:00,A,FC_TRA_E,TOTAL,KTOE,SI,2020,1583.246,
ESTAT:TEN00126(1.0),19/01/22 11:00:00,A,FC_TRA_E,TOTAL,KTOE,SK,2009,2314.200,
ESTAT:TEN00126(1.0),19/01/22 11:00:00,A,FC_TRA_E,TOTAL,KTOE,SK,2010,2595.378,
ESTAT:TEN00126(1.0),19/01/22 11:00:00,A,FC_TRA_E,TOTAL,KTOE,SK,2011,2596.766,
ESTAT:TEN00126(1.0),19/01/22 11:00:00,A,FC_TRA_E,TOTAL,KTOE,SK,2012,2299.840,
ESTAT:TEN00126(1.0),19/01/22 11:00:00,A,FC_TRA_E,TOTAL,KTOE,SK,2013,2308.716,
ESTAT:TEN00126(1.0),19/01/22 11:00:00,A,FC_TRA_E,TOTAL,KTOE,SK,2014,2176.422,
ESTAT:TEN00126(1.0),19/01/22 11:00:00,A,FC_TRA_E,TOTAL,KTOE,SK,2015,2168.799,
ESTAT:TEN00126(1.0),19/01/22 11:00:00,A,FC_TRA_E,TOTAL,KTOE,SK,2016,2429.877,
ESTAT:TEN00126(1.0),19/01/22 11:00:00,A,FC_TRA_E,TOTAL,KTOE,SK,2017,2772.655,
ESTAT:TEN00126(1.0),19/01/22 11:00:00,A,FC_TRA_E,TOTAL,KTOE,SK,2018,2744.051,
ESTAT:TEN00126(1.0),19/01/22 11:00:00,A,FC_TRA_E,TOTAL,KTOE,SK,2019,2789.729,
ESTAT:TEN00126(1.0),19/01/22 11:00:00,A,FC_TRA_E,TOTAL,KTOE,SK,2020,2487.886,
ESTAT:TEN00126(1.0),19/01/22 11:00:00,A,FC_TRA_E,TOTAL,KTOE,TR,2009,15119.965,
ESTAT:TEN00126(1.0),19/01/22 11:00:00,A,FC_TRA_E,TOTAL,KTOE,TR,2010,14813.898,
ESTAT:TEN00126(1.0),19/01/22 11:00:00,A,FC_TRA_E,TOTAL,KTOE,TR,2011,15036.935,
ESTAT:TEN00126(1.0),19/01/22 11:00:00,A,FC_TRA_E,TOTAL,KTOE,TR,2012,17724.906,
ESTAT:TEN00126(1.0),19/01/22 11:00:00,A,FC_TRA_E,TOTAL,KTOE,TR,2013,19638.094,
ESTAT:TEN00126(1.0),19/01/22 11:00:00,A,FC_TRA_E,TOTAL,KTOE,TR,2014,20972.194,
ESTAT:TEN00126(1.0),19/01/22 11:00:00,A,FC_TRA_E,TOTAL,KTOE,TR,2015,24502.533,
ESTAT:TEN00126(1.0),19/01/22 11:00:00,A,FC_TRA_E,TOTAL,KTOE,TR,2016,27030.056,
ESTAT:TEN00126(1.0),19/01/22 11:00:00,A,FC_TRA_E,TOTAL,KTOE,TR,2017,28305.848,
ESTAT:TEN00126(1.0),19/01/22 11:00:00,A,FC_TRA_E,TOTAL,KTOE,TR,2018,28607.306,
ESTAT:TEN00126(1.0),19/01/22 11:00:00,A,FC_TRA_E,TOTAL,KTOE,TR,2019,28388.778,
ESTAT:TEN00126(1.0),19/01/22 11:00:00,A,FC_TRA_E,TOTAL,KTOE,TR,2020,26664.835,
ESTAT:TEN00126(1.0),19/01/22 11:00:00,A,FC_TRA_E,TOTAL,KTOE,UA,2009,12792.577,
ESTAT:TEN00126(1.0),19/01/22 11:00:00,A,FC_TRA_E,TOTAL,KTOE,UA,2010,12917.129,
ESTAT:TEN00126(1.0),19/01/22 11:00:00,A,FC_TRA_E,TOTAL,KTOE,UA,2011,12875.180,
ESTAT:TEN00126(1.0),19/01/22 11:00:00,A,FC_TRA_E,TOTAL,KTOE,UA,2012,11772.360,
ESTAT:TEN00126(1.0),19/01/22 11:00:00,A,FC_TRA_E,TOTAL,KTOE,UA,2013,11848.904,
ESTAT:TEN00126(1.0),19/01/22 11:00:00,A,FC_TRA_E,TOTAL,KTOE,UA,2014,10299.778,
ESTAT:TEN00126(1.0),19/01/22 11:00:00,A,FC_TRA_E,TOTAL,KTOE,UA,2015,8721.254,
ESTAT:TEN00126(1.0),19/01/22 11:00:00,A,FC_TRA_E,TOTAL,KTOE,UA,2016,9133.661,
ESTAT:TEN00126(1.0),19/01/22 11:00:00,A,FC_TRA_E,TOTAL,KTOE,UA,2017,9590.778,
ESTAT:TEN00126(1.0),19/01/22 11:00:00,A,FC_TRA_E,TOTAL,KTOE,UA,2018,9417.827,
ESTAT:TEN00126(1.0),19/01/22 11:00:00,A,FC_TRA_E,TOTAL,KTOE,UA,2019,10029.097,
ESTAT:TEN00126(1.0),19/01/22 11:00:00,A,FC_TRA_E,TOTAL,KTOE,UA,2020,8017.678,
ESTAT:TEN00126(1.0),19/01/22 11:00:00,A,FC_TRA_E,TOTAL,KTOE,UK,2009,41069.453,
ESTAT:TEN00126(1.0),19/01/22 11:00:00,A,FC_TRA_E,TOTAL,KTOE,UK,2010,40437.300,
ESTAT:TEN00126(1.0),19/01/22 11:00:00,A,FC_TRA_E,TOTAL,KTOE,UK,2011,39907.728,
ESTAT:TEN00126(1.0),19/01/22 11:00:00,A,FC_TRA_E,TOTAL,KTOE,UK,2012,39748.786,
ESTAT:TEN00126(1.0),19/01/22 11:00:00,A,FC_TRA_E,TOTAL,KTOE,UK,2013,39491.557,
ESTAT:TEN00126(1.0),19/01/22 11:00:00,A,FC_TRA_E,TOTAL,KTOE,UK,2014,40108.270,
ESTAT:TEN00126(1.0),19/01/22 11:00:00,A,FC_TRA_E,TOTAL,KTOE,UK,2015,40889.253,
ESTAT:TEN00126(1.0),19/01/22 11:00:00,A,FC_TRA_E,TOTAL,KTOE,UK,2016,41819.630,
ESTAT:TEN00126(1.0),19/01/22 11:00:00,A,FC_TRA_E,TOTAL,KTOE,UK,2017,41928.904,
ESTAT:TEN00126(1.0),19/01/22 11:00:00,A,FC_TRA_E,TOTAL,KTOE,UK,2018,41759.750,
ESTAT:TEN00126(1.0),19/01/22 11:00:00,A,FC_TRA_E,TOTAL,KTOE,UK,2019,41463.198,
ESTAT:TEN00126(1.0),19/01/22 11:00:00,A,FC_TRA_E,TOTAL,KTOE,XK,2009,341.556,
ESTAT:TEN00126(1.0),19/01/22 11:00:00,A,FC_TRA_E,TOTAL,KTOE,XK,2010,319.647,
ESTAT:TEN00126(1.0),19/01/22 11:00:00,A,FC_TRA_E,TOTAL,KTOE,XK,2011,330.601,
ESTAT:TEN00126(1.0),19/01/22 11:00:00,A,FC_TRA_E,TOTAL,KTOE,XK,2012,333.486,
ESTAT:TEN00126(1.0),19/01/22 11:00:00,A,FC_TRA_E,TOTAL,KTOE,XK,2013,270.401,
ESTAT:TEN00126(1.0),19/01/22 11:00:00,A,FC_TRA_E,TOTAL,KTOE,XK,2014,344.017,
ESTAT:TEN00126(1.0),19/01/22 11:00:00,A,FC_TRA_E,TOTAL,KTOE,XK,2015,380.384,
ESTAT:TEN00126(1.0),19/01/22 11:00:00,A,FC_TRA_E,TOTAL,KTOE,XK,2016,395.981,
ESTAT:TEN00126(1.0),19/01/22 11:00:00,A,FC_TRA_E,TOTAL,KTOE,XK,2017,410.191,
ESTAT:TEN00126(1.0),19/01/22 11:00:00,A,FC_TRA_E,TOTAL,KTOE,XK,2018,429.875,
ESTAT:TEN00126(1.0),19/01/22 11:00:00,A,FC_TRA_E,TOTAL,KTOE,XK,2019,428.184,
ESTAT:TEN00126(1.0),19/01/22 11:00:00,A,FC_TRA_E,TOTAL,KTOE,XK,2020,421.572,
